1 0 -0.0392749791930370
3 0 -0.5175198091519090
6 0 0.0603358201878905
10 0 0.4333931991507513
15 0 -0.1418076015828629
21 0 -0.7687018344513371
28 0 -0.4858582293508151
36 0 -0.1226015205083256
45 0 -1.4403564193202749
55 0 -0.2805480995169093
66 0 0.0411964208260053
78 0 -0.9975514820953417
91 0 -0.3597721646520435
105 0 0.3213512139929620
120 0 0.7461106173540524
136 0 -0.0599270300358250
153 0 -0.3378830683326178
171 0 0.7596509731512511
190 0 0.4805364541100696
210 0 0.9701252388077791
231 0 -0.4094265611035969
253 0 -0.1512157877035624
276 0 -0.8017632243824089
300 0 0.2103012380740510
325 0 0.0841211680112850
351 0 0.1584175676998218
378 0 -0.0924426486353198
406 0 0.2993516963089136
435 0 0.6091548913426088
465 0 -0.0705574873977441
496 0 -1.1276967902426225
528 0 -0.2859354105415676
561 0 0.1210920497185205
595 0 -0.5571452978862262
630 0 0.4064726592509335
666 0 -0.4124007031744213
703 0 0.0394452920764560
741 0 0.5650123848407683
780 0 -0.8974820477671072
820 0 0.3892938672926907
861 0 1.0814755985738511
903 0 -0.7987244922004934
946 0 1.3422528258519990
990 0 0.5188348048259620
1035 0 0.7500974181992869
1081 0 1.7215791620071828
1128 0 -0.6582052051186835
1176 0 -1.5938226274672567
1225 0 0.3208363188758866
1275 0 1.4165849096950296
1326 0 0.6911582230248536
1378 0 0.9101395101514945
1431 0 1.2921202030760277
1485 0 0.7587381997393865
1540 0 -0.3164745996742584
1596 0 0.5583074483813552
1653 0 0.4352335789582277
1711 0 -0.5008449096970349
1770 0 0.8199803214236573
1830 0 0.8085347925500814
1891 0 -0.6311031910159722
1953 0 -0.7857097457430711
2016 0 1.0462713825741246
2080 0 0.4298660135412801
2145 0 -0.0395960495536661
2211 0 0.7886515474225011
2278 0 0.3544783905337691
2346 0 -1.1198439542860275
2415 0 -1.0561198973639554
2485 0 -1.0418104873229392
2556 0 -1.4171506973518122
2628 0 0.8937834289817786
2701 0 1.0621105445057535
2775 0 1.2644617459245344
2850 0 1.9449223178897084
2926 0 0.9761044322982003
3003 0 0.0097220509191969
3081 0 0.1317521081861080
3160 0 0.9606674490464110
3240 0 -0.3494656151070286
3321 0 -0.4548293293571200
3403 0 2.4372915828366488
3486 0 -0.5742490507249601
3570 0 -0.1670804101400137
3655 0 0.9514180119454014
3741 0 -0.1996192360577894
3828 0 0.7106131327766628
3916 0 0.5558821457282476
4005 0 0.0336922764374783
4095 0 0.9751993853098572
4186 0 -0.8728271030646914
4278 0 -0.1178635983016558
4371 0 -0.0022738769643091
4465 0 -0.6257834709860559
4560 0 0.8071296427736239
4656 0 0.7170493741145588
4753 0 -0.5359931404460169
4851 0 -1.8646756821309591
4950 0 1.6639518183563213
5050 0 -0.0926478265825362
5151 0 0.3390369863014657
5253 0 0.1428930209721162
5356 0 1.3230396770227821
5460 0 1.8368460492296002
5565 0 1.1500971901471131
5671 0 -0.2914999547857490
5778 0 0.0094864622184714
5886 0 -1.7864913313811615
5995 0 -1.3135187946146869
6105 0 2.3524579547827948
6216 0 0.4227371771971056
6328 0 1.6655889135998547
6441 0 -0.9673941460942919
6555 0 1.3048991218221517
6670 0 -1.4330969114861993
6786 0 1.1138581792412834
6903 0 -0.1749940603132047
7021 0 -0.3902488295584954
7140 0 -0.6950447675266522
7260 0 -0.0655617169550591
7381 0 -0.3613059245892161
7503 0 -0.5037786362618504
7626 0 1.2112723235200595
7750 0 0.9877386000155987
7875 0 1.7583661649167368
8001 0 -0.9301825124792932
8128 0 0.0960403711950313
8256 0 -1.2247110409360835
8385 0 0.5988452230821159
8515 0 -2.0039274966488825
8646 0 -0.7807346018544074
8778 0 0.7996602122381530
8911 0 1.2774855662645328
9045 0 0.5236315862692529
9180 0 0.6571323875012728
9316 0 -0.0748215216180055
9453 0 0.1091238830383781
9591 0 -0.2351980301310406
9730 0 -0.5740222082756251
9870 0 1.1095582146264868
10011 0 0.6093161815739243
10153 0 0.3710283824064001
10296 0 -0.9144348109174200
10440 0 0.1233975575753022
10585 0 1.2527059879226305
10731 0 -0.0278150681155615
10878 0 0.4816405363078645
11026 0 0.6977556639021153
11175 0 0.0565652775463416
11325 0 2.7501306891409785
11476 0 0.3760936662021799
11628 0 0.1357216558641325
11781 0 -1.3572516438420497
11935 0 -2.9060706355228492
12090 0 0.7262187995501733
12246 0 0.8199815529611716
12403 0 -0.0295864533125212
12561 0 -0.4778505102541678
12720 0 -0.6026776934828637
12880 0 -0.5991112541453709
13041 0 -2.0516432696048001
13203 0 1.5704169143685514
13366 0 -1.4467037484350602
13530 0 -0.8459083122683717
13695 0 -0.4944523913945342
13861 0 -2.4222422037758804
14028 0 0.7428350808630525
14196 0 -0.4730468572654077
14365 0 -0.3300667948617112
14535 0 -1.3547310674591162
14706 0 0.7805063446357211
14878 0 -0.5053295052173324
15051 0 0.3680800217066273
15225 0 -0.7621054806953167
15400 0 1.0773909826441304
15576 0 -0.3942233118914028
15753 0 0.3979002915453785
15931 0 0.8573843052522468
16110 0 0.2409926240743387
16290 0 0.7798386150913108
16471 0 -0.0693259330920113
16653 0 0.9266233379042645
16836 0 -0.0454629863147565
17020 0 -1.4625464782778470
17205 0 2.3248504790612388
17391 0 -1.1288817620284815
17578 0 0.0297957456010782
17766 0 0.1556235317108731
17955 0 -0.5380223292414877
18145 0 -1.0254945082635285
18336 0 0.2554931643186921
18528 0 0.1904594012900394
18721 0 -0.1373645195384375
18915 0 0.2385927004660095
19110 0 0.5165848240208929
19306 0 -1.4973937967690139
19503 0 0.7269783613911732
19701 0 -0.7409100456186212
19900 0 0.3776970304087554
20100 0 -0.8123077778571419
20301 0 -0.0805681903642917
20503 0 -0.6487267763403781
20706 0 0.8795113338381781
20910 0 0.7731213260701257
21115 0 0.0767399736726666
21321 0 0.5549798879981035
21528 0 1.4968178542714448
21736 0 3.0721999719792756
21945 0 1.4842520021347874
22155 0 -0.7408579824284178
22366 0 -1.2666834705367913
22578 0 -1.8556556566326063
22791 0 1.9533274400015350
23005 0 -0.3790449732403376
23220 0 0.9683478334255555
23436 0 0.2155503066775920
23653 0 -1.3283058257051230
23871 0 1.8694200795542548
24090 0 1.8033475737858802
24310 0 -0.4327080964439046
24531 0 0.3149853293601612
24753 0 1.8866230861314310
24976 0 -0.3234488935383215
25200 0 -0.0980611347458611
25425 0 -0.8017825831481696
25651 0 0.4361177557436742
25878 0 0.7851786414670816
26106 0 1.4443053615376855
26335 0 0.6180712850353712
26565 0 0.7236911909314011
26796 0 0.0225153414802520
27028 0 -1.7816014382333452
27261 0 -0.0153348287917100
27495 0 0.5684994712176570
27730 0 -0.1156261718080865
27966 0 -0.0497311702749912
28203 0 -0.2249716489339199
28441 0 -3.4065109033814713
28680 0 0.1321508524736370
28920 0 -0.2374997741125932
29161 0 2.4913106336615121
29403 0 0.3043007063887718
29646 0 0.0650248914801932
29890 0 1.1194077795785042
30135 0 -0.4499093730437316
30381 0 -1.0444542937604919
30628 0 -1.1497380982725465
30876 0 -0.4872470070717180
31125 0 0.7022674178544932
31375 0 -0.1176167377901563
31626 0 -0.1703619150112314
31878 0 0.2257700397265990
32131 0 1.4394581788908027
32385 0 0.6885750945627576
32640 0 1.3057660144121335
32896 0 0.5080503389334703
33153 0 0.5791689028799536
33411 0 -0.5627121709351195
33670 0 -1.1666462435873226
33930 0 -0.1887805135049164
34191 0 -1.4776996128787550
34453 0 -0.0527664774730352
34716 0 1.0321451625342055
34980 0 -0.9398664623582222
35245 0 -0.3860264177528105
35511 0 -0.1546592405237066
35778 0 -0.2324469953139494
36046 0 -0.2923793291498669
36315 0 0.3799567310420993
36585 0 -0.7311639272708221
36856 0 -1.8626060802634476
37128 0 0.9618521017589110
37401 0 3.1526535775921083
37675 0 -0.2844040995036231
37950 0 -1.9806689790309120
38226 0 -0.8742471062242338
38503 0 1.7644627292214581
38781 0 0.1295090349353326
39060 0 -1.5058384042365993
39340 0 1.1499191786655003
39621 0 1.2744517598042486
39903 0 -1.0748051117394795
40186 0 1.6868286115270539
40470 0 0.2191198575129822
40755 0 0.2943835945178086
41041 0 1.0503544505872531
41328 0 -0.5321236672019425
41616 0 0.1153771305829562
41905 0 0.7802689903336036
42195 0 -1.3134178819935116
42486 0 -1.6223252210728769
42778 0 -1.9225815753094326
43071 0 -0.9474499331162103
43365 0 -0.1933190396178594
43660 0 0.3370607113858231
43956 0 -0.1587610471892154
44253 0 1.0483498219802556
44551 0 0.3017161325252402
44850 0 1.7177363237970595
45150 0 0.1583273459573601
45451 0 0.5196787924430741
45753 0 -0.3222178892865279
46056 0 0.1066908908916797
46360 0 1.5970534025514600
46665 0 0.0838072871798255
46971 0 -1.7037615898726195
47278 0 -1.2380748166751154
47586 0 0.6033629700672515
47895 0 -0.7165824969634531
48205 0 0.5352900595962374
48516 0 -0.6739269249216451
48828 0 -0.0675170071813364
49141 0 -1.5891905420707093
49455 0 0.5974484608282532
49770 0 -0.4813837115931313
50086 0 0.6818528484150727
50403 0 0.2706004008941267
50721 0 0.6161765747694370
51040 0 0.1284816741707339
51360 0 1.9398469235878415
51681 0 -0.7009257340169268
52003 0 -1.5117089024528627
52326 0 0.9424506609496723
52650 0 -1.9444302033379057
52975 0 1.1685919086705312
53301 0 -0.5376584266109729
53628 0 0.4630278858328538
53956 0 -0.3403565964492835
54285 0 0.0438683384510249
54615 0 -0.2789609295990956
54946 0 -0.1320522479153480
55278 0 0.0768725053026615
55611 0 0.7743845996008274
55945 0 -0.6188764762545048
56280 0 -0.7630403007332714
56616 0 -0.2054988422436786
56953 0 0.2890295470411690
57291 0 1.4614407075472142
57630 0 -1.0969059500560454
57970 0 -0.9963584714794863
58311 0 1.1972366100356946
58653 0 0.5604124002442874
58996 0 2.2205125718278791
59340 0 1.7166829334798388
59685 0 1.1810145942381656
60031 0 -0.0246914562096457
60378 0 -0.0210899077733395
60726 0 -1.3801598811694999
61075 0 0.1056358123843086
61425 0 0.3758423961256733
61776 0 -0.2386205832481494
62128 0 -0.3184107881143655
62481 0 1.5553629095969070
62835 0 -0.5898521165434132
63190 0 -0.3996008810423630
63546 0 0.8335411653909495
63903 0 -0.4265822855324019
64261 0 0.8900194765061998
64620 0 -1.0824868467675430
64980 0 -1.3654303255171847
65341 0 -0.5965246968162965
65703 0 -1.6398447410558123
66066 0 0.6430557948633472
66430 0 1.3633494055628463
66795 0 0.3527365526112561
67161 0 -0.1932375212613096
67528 0 -1.1654522751096659
67896 0 0.2657766021221098
68265 0 -0.7242416708962401
68635 0 0.5039611938287425
69006 0 0.8810635535714634
69378 0 -1.0567333043312637
69751 0 0.2009207967538431
70125 0 1.4809668110572332
70500 0 -0.2886892860337896
70876 0 -0.3820310446852176
71253 0 1.9108314384372984
71631 0 -1.1608883555839395
72010 0 -0.4691875898812146
72390 0 -1.2235608144535977
72771 0 -0.5167547800444676
73153 0 -1.2186000092571969
73536 0 0.3963093843290585
73920 0 0.3687678954731529
74305 0 0.2072900552115898
74691 0 -0.7542466806836979
75078 0 2.0490017417579449
75466 0 -0.6710015545434602
75855 0 -1.3072963521054435
76245 0 -1.0937390021563396
76636 0 -0.3323188274276199
77028 0 -0.0784099189295356
77421 0 0.5497532318878153
77815 0 0.0048708689324474
78210 0 -1.8423486925889749
78606 0 0.2604345170946256
79003 0 0.0974391634254568
79401 0 1.3181514441472357
79800 0 2.0349478865834363
80200 0 1.3304780135257028
80601 0 0.4813468109805851
81003 0 1.6403147110451404
81406 0 0.0873262623058762
81810 0 -1.4373344004641933
82215 0 -1.7009330003105883
82621 0 0.9823540937096928
83028 0 -0.4127534951738215
83436 0 -0.3080955473342700
83845 0 0.2746275513512619
84255 0 -0.2624964505031059
84666 0 0.5200184176001411
85078 0 1.1200908222938752
85491 0 -0.1615081298730688
85905 0 -0.6408985081214206
86320 0 0.2965542673457800
86736 0 -0.1007368444846906
87153 0 -1.8735518756682681
87571 0 0.0379139729279675
87990 0 -0.1052708351032855
88410 0 1.4011855738729231
88831 0 0.5611239839715064
89253 0 -0.3287358692063072
89676 0 1.3893312472130817
90100 0 0.2325425227075722
90525 0 -0.3565194429087337
90951 0 -0.3932703059266279
91378 0 -0.1582322248729836
91806 0 1.3846602337039944
92235 0 -0.6559784746239328
92665 0 0.2770558734625544
93096 0 -0.8636190741821178
93528 0 -2.4425897698199672
93961 0 1.1558021159006262
94395 0 0.1045120664024524
94830 0 0.8358045626685537
95266 0 0.4041346341881519
95703 0 0.4884392938641069
96141 0 -2.0339431816314040
96580 0 0.2917728206819729
97020 0 0.8535094518062052
97461 0 0.0423801902701227
97903 0 -0.3312785626508737
98346 0 1.6298378673132778
98790 0 -0.1178594144418057
99235 0 0.4367400043353374
99681 0 0.4582949396739545
100128 0 0.8260703709758832
100576 0 -0.3893395629670293
101025 0 1.2493689155604857
101475 0 0.5130699240249174
101926 0 -1.0100099456716651
102378 0 1.6634410054902864
102831 0 -0.1055834899135743
103285 0 -1.1112132895026936
103740 0 -1.1657341652519189
104196 0 -0.0179841117896499
104653 0 -2.4147649949049899
105111 0 -0.7080306830155296
105570 0 0.2578759630984989
106030 0 1.8483582068309590
106491 0 1.2316044296391178
106953 0 -0.5630956682944073
107416 0 -1.0377706676556662
107880 0 -0.4125363350698815
108345 0 -0.1504555798870328
108811 0 0.1729942612549372
109278 0 1.0398042816149851
109746 0 0.5388784493172025
110215 0 -0.2495271710930539
110685 0 -2.2555673578691855
111156 0 0.9245828634510355
111628 0 -0.4968729960985764
112101 0 -1.6636944510341241
112575 0 -0.8769468883623871
113050 0 -0.5466058972127623
113526 0 -0.1976010110626783
114003 0 1.9782888883551426
114481 0 0.0612489119178095
114960 0 2.1495246015646234
115440 0 1.6397488392073631
115921 0 -1.1382974984311889
116403 0 0.2163604689323535
116886 0 0.5306893144579640
117370 0 1.0954872764650478
117855 0 -0.0011017791475190
118341 0 -1.5440600326202225
118828 0 -2.1275689999729734
119316 0 -1.0930547604542269
119805 0 0.6881476804950952
120295 0 -0.2636493231127681
120786 0 1.8217518662136865
121278 0 1.0269409436874877
121771 0 0.4211839321906870
122265 0 -0.4498879297561761
122760 0 0.8489348953048246
123256 0 -0.8766757852622635
123753 0 0.7984105098793944
124251 0 -1.4026130010136999
124750 0 0.1676486551554295
125250 0 -0.6873531890171602
125751 0 -1.0634598835052815
126253 0 0.0181190642828218
126756 0 -0.5809624994682786
127260 0 -0.6704635079889985
127765 0 0.0836814842490974
128271 0 1.0843199299307484
128778 0 1.2956755116549641
129286 0 -0.7699738547747051
129795 0 -1.3568976523268199
130305 0 -0.0521091949735859
130816 0 0.5556210844889315
131328 0 -0.4759024847795277
131841 0 0.3128424588658461
132355 0 0.9012180573673161
132870 0 0.3217431209702176
133386 0 1.0659362516473505
133903 0 0.0651383499290897
134421 0 0.1562455742653280
134940 0 0.8684355916896448
135460 0 0.6086200378645795
135981 0 -0.9497278416871163
136503 0 0.8967399065844528
137026 0 -1.6832870316433641
137550 0 -0.5271049822173030
138075 0 -0.5045938617826929
138601 0 -1.1099579270710385
139128 0 -0.2464113261974077
139656 0 0.8390617275647198
140185 0 -0.6761061549633354
140715 0 -0.1166213340613310
141246 0 2.3621389874482559
141778 0 -1.6231579056285195
142311 0 -0.6788981229782328
142845 0 1.2375900644556870
143380 0 -0.8655923091302394
143916 0 -0.6472224685628033
144453 0 0.9198077110217867
144991 0 -0.5365478143913991
145530 0 -1.2243428686086599
146070 0 0.4093330659977439
146611 0 -0.4341134946282481
147153 0 -0.5556086463366507
147696 0 -0.9005462476203654
148240 0 -0.0662209330014177
148785 0 1.5560140520317025
149331 0 -0.7185477079327643
149878 0 -1.2065162453373293
150426 0 -0.1896111549879817
150975 0 1.3238420380354796
151525 0 0.2964891568169475
152076 0 0.7015495243186637
152628 0 -0.0547080001102902
153181 0 -0.7578087034306735
153735 0 0.8117467247986548
154290 0 1.1812305369344107
154846 0 1.0008502185550281
155403 0 0.9680837178260970
155961 0 1.8549286816197552
156520 0 0.6656799814219047
157080 0 0.7145989959692124
157641 0 -0.7837208027669517
158203 0 0.1343197997903198
158766 0 -0.4603585120804480
159330 0 -0.0648278582329748
159895 0 0.5327708193706147
160461 0 -0.4950095865879740
161028 0 0.6044629937199508
161596 0 0.4324322444574951
162165 0 -0.8355852167952218
162735 0 -2.4382048424680520
163306 0 -1.6592794368344714
163878 0 0.1227398926259363
164451 0 -2.0071748179086226
165025 0 0.6393098030028398
165600 0 -0.0559350113869523
166176 0 0.2760456375366502
166753 0 -2.2749784658085286
167331 0 -0.2155328760503920
167910 0 -0.1774968146847624
168490 0 0.4570612602378288
169071 0 -0.7627641165985665
169653 0 -0.5662668108998666
170236 0 -0.1185492150577626
170820 0 -0.3685624842101269
171405 0 -0.7484073229010836
171991 0 -1.4631150850801875
172578 0 0.5760331088807429
173166 0 -0.9024713018282472
173755 0 -0.9189745254441483
174345 0 1.1928689529696959
174936 0 0.8348431297677432
175528 0 0.6651644199344777
176121 0 -1.5677022651047183
176715 0 -0.0771949563274697
177310 0 -1.2860772571621812
177906 0 -0.4091365209410731
178503 0 2.2839105985733243
179101 0 0.0831684096777747
179700 0 0.7319243739185900
180300 0 -0.0352216578515169
180901 0 1.5688226748879763
181503 0 -0.2255943158004101
182106 0 -0.2704360508555637
182710 0 1.0362974510621805
183315 0 -1.8735431270780327
183921 0 0.2787287603465651
184528 0 1.2990736428010734
185136 0 -0.8094770010266198
185745 0 0.8597034872754493
186355 0 0.9070610637742664
186966 0 -0.6847300645990080
187578 0 1.9095248656465014
188191 0 -0.3216884051196491
188805 0 0.3463033387059476
189420 0 0.0258780484076685
190036 0 0.8560606688476020
190653 0 -0.6535357825816971
191271 0 0.6197910180571583
191890 0 1.0168938913292720
192510 0 0.7327256541457693
193131 0 0.9192196236561158
193753 0 1.1250517995180098
194376 0 -0.3252179896078262
195000 0 -0.8831629463456461
195625 0 -0.3534773487202527
196251 0 1.2801336682192184
196878 0 1.3303330432495564
197506 0 -1.9275099409648171
198135 0 0.0835006826355592
198765 0 0.5239015682951180
199396 0 0.1060170577207348
200028 0 -0.3239422043454825
200661 0 0.0399680837060565
201295 0 0.2336793130899787
201930 0 -0.2717740760190761
202566 0 0.9975646918341167
203203 0 0.6209790310008596
203841 0 0.3960331101790528
204480 0 1.1134542334663338
205120 0 2.0215554361477919
205761 0 0.9036365759411361
206403 0 -0.0651822607917278
207046 0 0.8911372261407553
207690 0 -1.4231672471829471
208335 0 -0.3777186098245933
208981 0 0.4603799787256390
209628 0 -0.6846576229931454
210276 0 0.4955464158493281
210925 0 -1.3039026066059745
211575 0 0.5767978039335615
212226 0 -1.3467546202800740
212878 0 -0.2851054609952047
213531 0 0.0527297840872265
214185 0 -0.0156245322016694
214840 0 -1.6006211678438795
215496 0 0.4299995023925310
216153 0 -0.0552989855943784
216811 0 -0.9031461696824927
217470 0 -0.2312549207321780
218130 0 -0.3124797030986468
218791 0 -0.9508643381988833
219453 0 0.9021531331228226
220116 0 -1.2659141130313583
220780 0 0.2638873729386649
221445 0 -2.7839903306230482
222111 0 0.6543078010796897
222778 0 0.0142195509000256
223446 0 -0.3160996685947406
224115 0 -1.4216270850840043
224785 0 2.3139092112111435
225456 0 0.1307370310048984
226128 0 1.5268753127568455
226801 0 -0.1020817497884575
227475 0 -0.2286206497797956
228150 0 -0.6720329904112230
228826 0 0.1288604585353202
229503 0 -0.4794421426956244
230181 0 0.1602651788377881
230860 0 -0.8431523964267162
231540 0 0.2446141045362422
232221 0 1.2104873384050161
232903 0 -0.5226339701147098
233586 0 -0.1213801071197136
234270 0 0.0251730224193503
234955 0 -0.9567651286827684
235641 0 -0.3176322916779920
236328 0 0.8314420971336252
237016 0 -0.5511808449450878
237705 0 -0.1204834865575004
238395 0 -0.5081195252914507
239086 0 -0.5238873106921420
239778 0 0.3912354473940323
240471 0 -1.6955539221280880
241165 0 0.7668424254169437
241860 0 -0.5130515831610265
242556 0 -0.4020249482124038
243253 0 -1.4081117970812409
243951 0 0.6777722268158753
244650 0 -1.9367550213044762
245350 0 0.3925040212144492
246051 0 0.2343428508179534
246753 0 -0.7815667476413404
247456 0 -0.2146690986422859
248160 0 0.6372754007235781
248865 0 0.2239382356471002
249571 0 2.8111863603347094
250278 0 -0.1220516042988481
250986 0 0.3250540984278195
251695 0 -0.6870794503285428
252405 0 1.6361285822051690
253116 0 1.1372563922647434
253828 0 1.2044174281666988
254541 0 1.7223454959726414
255255 0 0.2634589258241753
255970 0 0.4910976350355478
256686 0 0.7514003043886806
257403 0 0.7577848911909796
258121 0 1.0909847363440583
258840 0 -0.3335582151066911
259560 0 0.2150366990399485
260281 0 0.1702013335519165
261003 0 -0.0935529353495258
261726 0 -0.7247770402191076
262450 0 2.1840078224598511
263175 0 -1.7187148703741513
263901 0 -0.1325822947637672
264628 0 -0.9114671531835498
265356 0 0.1729925898610445
266085 0 0.9207095344645710
266815 0 -1.3301074135840247
267546 0 2.7689864417835204
268278 0 -0.9043080983989515
269011 0 -0.6946863965339591
269745 0 -0.5929364747765957
270480 0 -0.3441733933954504
271216 0 -1.0593384993059463
271953 0 0.2202396479393151
272691 0 -0.1524818939364647
273430 0 -1.4503007558142618
274170 0 0.0112110372099370
274911 0 -0.0154173582658678
275653 0 -1.0055890726618353
276396 0 -0.6736083019580602
277140 0 -0.6108609182425022
277885 0 -0.6597993320049497
278631 0 -0.7974733595100912
279378 0 -0.6136685897786396
280126 0 2.8499951899364184
280875 0 -1.2331256989938231
281625 0 1.5921623545986066
282376 0 -0.0840181393851811
283128 0 -0.7993436268972037
283881 0 0.5993114935845408
284635 0 -0.0040868210194458
285390 0 1.2150615497456814
286146 0 -1.4174390704860136
286903 0 -1.7268706930698146
287661 0 0.3996113221212740
288420 0 -0.8667526302632582
289180 0 -2.1661064080679635
289941 0 -0.8544562588210087
290703 0 -0.7712570812154090
291466 0 -0.1927705567294787
292230 0 0.3273511505409638
292995 0 1.4535488340004694
293761 0 -1.0315885753143741
294528 0 -0.6275575150085357
295296 0 1.9325220936501721
296065 0 -0.5455053719760532
296835 0 0.1834405057148987
297606 0 -1.0483002189791955
298378 0 0.4425025848681629
299151 0 -0.4747265012259411
299925 0 -0.1569286730413688
300700 0 1.2640849138669128
301476 0 -0.3196641310866946
302253 0 -1.0892077847860515
303031 0 -2.1763376802258461
303810 0 -1.1203660558273834
304590 0 -1.6798190783451084
305371 0 0.7474182841236631
306153 0 -0.8382302214748554
306936 0 -0.0883095595022450
307720 0 0.8547646259660452
308505 0 1.3914138082917731
309291 0 -0.6783502781307668
310078 0 -2.0822386982314502
310866 0 0.1029543102214117
311655 0 -1.1055225348381716
312445 0 0.1543301678161101
313236 0 -0.0156271061817157
314028 0 -0.3490020208361188
314821 0 0.7983939064004826
315615 0 1.6718017991983865
316410 0 0.0721556847836766
317206 0 -0.0680413268510493
318003 0 0.2546111849993333
318801 0 0.1677387582430897
319600 0 1.0778934478782769
320400 0 1.5173204744002597
321201 0 0.7222765630587555
322003 0 0.1330941416427670
322806 0 -0.5114435447945097
323610 0 2.3583410829222360
324415 0 0.1731643555233723
325221 0 0.0311620558988643
326028 0 -1.1159798266384149
326836 0 -0.3792104864480353
327645 0 0.4259195331691513
328455 0 0.5742437414273741
329266 0 0.1061588871934180
330078 0 0.5414616189809965
330891 0 0.9704120871317896
331705 0 -0.1686237078695370
332520 0 0.0280646949534065
333336 0 0.4149004725599915
334153 0 -0.9495048111634486
334971 0 -1.0248903600787018
335790 0 1.2695967303867850
336610 0 -0.9395683930990871
337431 0 -0.4044316879713207
338253 0 0.3550235193883142
339076 0 -0.5494523350180129
339900 0 -0.0899191342825727
340725 0 -0.0345870884553694
341551 0 0.1127258572891694
342378 0 -0.0072908788225101
343206 0 -0.5594543344916113
344035 0 -0.9882046342489151
344865 0 -0.8924688148161363
345696 0 -0.0268286881753066
346528 0 -0.3143126164013493
347361 0 0.0247144935559497
348195 0 0.4933077741722182
349030 0 0.3347056198888766
349866 0 -0.3954968768829665
350703 0 3.0131608322260650
351541 0 0.0720190889434535
352380 0 0.7178901891332560
353220 0 0.3201764470587689
354061 0 -0.3963917760995742
354903 0 -0.0222529911302683
355746 0 -0.4253599535086104
356590 0 0.0510117291044667
357435 0 0.3379079127802249
358281 0 -0.2997599587664235
359128 0 1.1841092172044452
359976 0 1.5490261739499551
360825 0 -0.6212743539227140
361675 0 -1.1533756957045571
362526 0 -0.0008093731501535
363378 0 -0.3670806580431593
364231 0 0.3336647135015155
365085 0 1.0262428356013080
365940 0 0.1150830843099036
366796 0 1.3944658258204152
367653 0 -0.0763259202757667
368511 0 0.3610827308769788
369370 0 2.0378020135913455
370230 0 0.7556136139977490
