0 0 1.0000000000000000
300 0 0.0119848606980771
465 0 0.0119848606980771
1335 0 0.0119848606980771
1500 0 0.0119848606980771
2370 0 0.0119848606980771
2535 0 0.0119848606980771
3405 0 0.0119848606980771
3570 0 0.0119848606980771
4440 0 0.0119848606980771
4605 0 0.0119848606980771
5475 0 0.0119848606980771
5640 0 0.0119848606980771
6510 0 0.0119848606980771
6675 0 0.0119848606980771
7545 0 0.0119848606980771
7710 0 0.0119848606980771
8580 0 0.0119848606980771
8745 0 0.0119848606980771
9615 0 0.0119848606980771
9780 0 0.0119848606980771
10650 0 0.0119848606980771
10815 0 0.0119848606980771
11685 0 0.0119848606980771
11850 0 0.0119848606980771
12720 0 0.0119848606980771
12885 0 0.0119848606980771
13755 0 0.0119848606980771
13920 0 0.0119848606980771
14790 0 0.0119848606980771
14955 0 0.0119848606980771
15825 0 0.0119848606980771
15990 0 0.0119848606980771
16860 0 0.0119848606980771
17025 0 0.0119848606980771
17895 0 0.0119848606980771
18060 0 0.0119848606980771
18930 0 0.0119848606980771
19095 0 0.0119848606980771
19965 0 0.0119848606980771
20130 0 0.0119848606980771
21000 0 0.0119848606980771
21165 0 0.0119848606980771
22035 0 0.0119848606980771
22200 0 0.0119848606980771
23070 0 0.0119848606980771
23235 0 0.0119848606980771
24105 0 0.0119848606980771
24270 0 0.0119848606980771
25140 0 0.0119848606980771
25305 0 0.0119848606980771
26175 0 0.0119848606980771
26340 0 0.0119848606980771
27210 0 0.0119848606980771
27375 0 0.0119848606980771
28245 0 0.0119848606980771
28410 0 0.0119848606980771
29280 0 0.0119848606980771
29445 0 0.0119848606980771
30315 0 0.0119848606980771
30480 0 0.0119848606980771
31350 0 0.0119848606980771
31515 0 0.0119848606980771
32385 0 0.0119848606980771
32550 0 0.0119848606980771
33420 0 0.0119848606980771
33585 0 0.0119848606980771
34455 0 0.0119848606980771
34620 0 0.0119848606980771
35490 0 0.0119848606980771
35655 0 0.0119848606980771
36525 0 0.0119848606980771
36690 0 0.0119848606980771
37560 0 0.0119848606980771
37725 0 0.0119848606980771
38595 0 0.0119848606980771
38760 0 0.0119848606980771
39630 0 0.0119848606980771
39795 0 0.0119848606980771
40665 0 0.0119848606980771
40830 0 0.0119848606980771
41700 0 0.0119848606980771
41865 0 0.0119848606980771
42735 0 0.0119848606980771
42900 0 0.0119848606980771
43770 0 0.0119848606980771
43935 0 0.0119848606980771
44805 0 0.0119848606980771
44970 0 0.0119848606980771
45840 0 0.0119848606980771
46005 0 0.0119848606980771
46875 0 0.0119848606980771
47040 0 0.0119848606980771
47910 0 0.0119848606980771
48075 0 0.0119848606980771
48945 0 0.0119848606980771
49110 0 0.0119848606980771
49980 0 0.0119848606980771
50145 0 0.0119848606980771
51015 0 0.0119848606980771
51180 0 0.0119848606980771
51751 0 -0.0239697213961542
51786 0 0.0119848606980771
51870 0 0.0119848606980771
51981 0 0.0119848606980771
52101 0 0.0119848606980771
52417 0 -0.0239697213961542
52452 0 0.0119848606980771
52536 0 0.0119848606980771
52647 0 0.0119848606980771
52767 0 0.0119848606980771
53083 0 -0.0239697213961542
53118 0 0.0119848606980771
53202 0 0.0119848606980771
53313 0 0.0119848606980771
53433 0 0.0119848606980771
53749 0 -0.0239697213961542
53784 0 0.0119848606980771
53868 0 0.0119848606980771
53979 0 0.0119848606980771
54099 0 0.0119848606980771
54415 0 -0.0239697213961542
54450 0 0.0119848606980771
54534 0 0.0119848606980771
54645 0 0.0119848606980771
54765 0 0.0119848606980771
55081 0 -0.0239697213961542
55116 0 0.0119848606980771
55200 0 0.0119848606980771
55311 0 0.0119848606980771
55431 0 0.0119848606980771
55747 0 -0.0239697213961542
55782 0 0.0119848606980771
55866 0 0.0119848606980771
55977 0 0.0119848606980771
56097 0 0.0119848606980771
56413 0 -0.0239697213961542
56448 0 0.0119848606980771
56532 0 0.0119848606980771
56643 0 0.0119848606980771
56763 0 0.0119848606980771
57079 0 -0.0239697213961542
57114 0 0.0119848606980771
57198 0 0.0119848606980771
57309 0 0.0119848606980771
57429 0 0.0119848606980771
57745 0 -0.0239697213961542
57780 0 0.0119848606980771
57864 0 0.0119848606980771
57975 0 0.0119848606980771
58095 0 0.0119848606980771
58411 0 -0.0239697213961542
58446 0 0.0119848606980771
58530 0 0.0119848606980771
58641 0 0.0119848606980771
58761 0 0.0119848606980771
59077 0 -0.0239697213961542
59112 0 0.0119848606980771
59196 0 0.0119848606980771
59307 0 0.0119848606980771
59427 0 0.0119848606980771
59743 0 -0.0239697213961542
59778 0 0.0119848606980771
59862 0 0.0119848606980771
59973 0 0.0119848606980771
60093 0 0.0119848606980771
60409 0 -0.0239697213961542
60444 0 0.0119848606980771
60528 0 0.0119848606980771
60639 0 0.0119848606980771
60759 0 0.0119848606980771
61075 0 -0.0239697213961542
61110 0 0.0119848606980771
61194 0 0.0119848606980771
61305 0 0.0119848606980771
61425 0 0.0119848606980771
61741 0 -0.0239697213961542
61776 0 0.0119848606980771
61860 0 0.0119848606980771
61971 0 0.0119848606980771
62091 0 0.0119848606980771
62407 0 -0.0239697213961542
62442 0 0.0119848606980771
62526 0 0.0119848606980771
62637 0 0.0119848606980771
62757 0 0.0119848606980771
63073 0 -0.0239697213961542
63108 0 0.0119848606980771
63192 0 0.0119848606980771
63303 0 0.0119848606980771
63423 0 0.0119848606980771
63739 0 -0.0239697213961542
63774 0 0.0119848606980771
63858 0 0.0119848606980771
63969 0 0.0119848606980771
64089 0 0.0119848606980771
64405 0 -0.0239697213961542
64440 0 0.0119848606980771
64524 0 0.0119848606980771
64635 0 0.0119848606980771
64755 0 0.0119848606980771
65071 0 -0.0239697213961542
65106 0 0.0119848606980771
65190 0 0.0119848606980771
65301 0 0.0119848606980771
65421 0 0.0119848606980771
65737 0 -0.0239697213961542
65772 0 0.0119848606980771
65856 0 0.0119848606980771
65967 0 0.0119848606980771
66087 0 0.0119848606980771
66403 0 -0.0239697213961542
66438 0 0.0119848606980771
66522 0 0.0119848606980771
66633 0 0.0119848606980771
66753 0 0.0119848606980771
67069 0 -0.0239697213961542
67104 0 0.0119848606980771
67188 0 0.0119848606980771
67299 0 0.0119848606980771
67419 0 0.0119848606980771
67735 0 -0.0239697213961542
67770 0 0.0119848606980771
67854 0 0.0119848606980771
67965 0 0.0119848606980771
68085 0 0.0119848606980771
68401 0 -0.0239697213961542
68436 0 0.0119848606980771
68520 0 0.0119848606980771
68631 0 0.0119848606980771
68751 0 0.0119848606980771
69067 0 -0.0239697213961542
69102 0 0.0119848606980771
69186 0 0.0119848606980771
69297 0 0.0119848606980771
69417 0 0.0119848606980771
69733 0 -0.0239697213961542
69768 0 0.0119848606980771
69852 0 0.0119848606980771
69963 0 0.0119848606980771
70083 0 0.0119848606980771
70399 0 -0.0239697213961542
70434 0 0.0119848606980771
70518 0 0.0119848606980771
70629 0 0.0119848606980771
70749 0 0.0119848606980771
71065 0 -0.0239697213961542
71100 0 0.0119848606980771
71184 0 0.0119848606980771
71295 0 0.0119848606980771
71415 0 0.0119848606980771
72397 0 -0.0239697213961542
72432 0 0.0119848606980771
72516 0 0.0119848606980771
72627 0 0.0119848606980771
72747 0 0.0119848606980771
73063 0 -0.0239697213961542
73098 0 0.0119848606980771
73182 0 0.0119848606980771
73527 0 0.0119848606980771
73729 0 -0.0239697213961542
73764 0 0.0119848606980771
73848 0 0.0119848606980771
73959 0 0.0119848606980771
74079 0 0.0119848606980771
83719 0 -0.0239697213961542
83754 0 0.0119848606980771
83838 0 0.0119848606980771
83949 0 0.0119848606980771
84069 0 0.0119848606980771
84385 0 -0.0239697213961542
84420 0 0.0119848606980771
84504 0 0.0119848606980771
84615 0 0.0119848606980771
84849 0 0.0119848606980771
85051 0 -0.0239697213961542
85086 0 0.0119848606980771
85170 0 0.0119848606980771
85281 0 0.0119848606980771
85515 0 0.0119848606980771
85717 0 -0.0239697213961542
85752 0 0.0119848606980771
85836 0 0.0119848606980771
85947 0 0.0119848606980771
86181 0 0.0119848606980771
86383 0 -0.0239697213961542
86418 0 0.0119848606980771
86502 0 0.0119848606980771
86613 0 0.0119848606980771
86847 0 0.0119848606980771
87049 0 -0.0239697213961542
87084 0 0.0119848606980771
87168 0 0.0119848606980771
87279 0 0.0119848606980771
87513 0 0.0119848606980771
87715 0 -0.0239697213961542
87750 0 0.0119848606980771
87834 0 0.0119848606980771
87945 0 0.0119848606980771
88179 0 0.0119848606980771
88381 0 -0.0239697213961542
88416 0 0.0119848606980771
88500 0 0.0119848606980771
88611 0 0.0119848606980771
88845 0 0.0119848606980771
89047 0 -0.0239697213961542
89082 0 0.0119848606980771
89166 0 0.0119848606980771
89277 0 0.0119848606980771
89511 0 0.0119848606980771
89713 0 -0.0239697213961542
89748 0 0.0119848606980771
89832 0 0.0119848606980771
89943 0 0.0119848606980771
90177 0 0.0119848606980771
90379 0 -0.0239697213961542
90414 0 0.0119848606980771
90498 0 0.0119848606980771
90609 0 0.0119848606980771
90843 0 0.0119848606980771
91045 0 -0.0239697213961542
91080 0 0.0119848606980771
91164 0 0.0119848606980771
91275 0 0.0119848606980771
91509 0 0.0119848606980771
91711 0 -0.0239697213961542
91746 0 0.0119848606980771
91830 0 0.0119848606980771
91941 0 0.0119848606980771
92061 0 0.0119848606980771
92377 0 -0.0239697213961542
92412 0 0.0119848606980771
92496 0 0.0119848606980771
92607 0 0.0119848606980771
92727 0 0.0119848606980771
93043 0 -0.0239697213961542
93078 0 0.0119848606980771
93162 0 0.0119848606980771
93273 0 0.0119848606980771
93393 0 0.0119848606980771
100599 0 0.0119848606980771
111255 0 0.0119848606980771
112041 0 0.0119848606980771
112359 0 -0.0239697213961542
112476 0 0.0119848606980771
112707 0 0.0119848606980771
187297 0 0.1198486069807708
189327 0 0.1198486069807708
193949 0 -0.2396972139615415
194037 0 0.1198486069807708
194199 0 0.1198486069807708
