0 0 1.0000000000000000
21 0 1.0000000000000000
42 0 1.0000000000000000
63 0 1.0000000000000000
84 0 1.0000000000000000
105 0 1.0000000000000000
126 0 1.0000000000000000
147 0 1.0000000000000000
168 0 1.0000000000000000
189 0 1.0000000000000000
210 0 1.0000000000000000
231 0 1.0000000000000000
252 0 1.0000000000000000
273 0 1.0000000000000000
294 0 1.0000000000000000
315 0 1.0000000000000000
336 0 1.0000000000000000
357 0 1.0000000000000000
378 0 1.0000000000000000
399 0 1.0000000000000000
420 0 1.0000000000000000
441 0 1.0000000000000000
462 0 1.0000000000000000
483 0 1.0000000000000000
504 0 1.0000000000000000
525 0 1.0000000000000000
546 0 1.0000000000000000
567 0 1.0000000000000000
588 0 1.0000000000000000
609 0 1.0000000000000000
630 0 1.0000000000000000
651 0 1.0000000000000000
672 0 1.0000000000000000
693 0 1.0000000000000000
714 0 1.0000000000000000
735 0 1.0000000000000000
756 0 1.0000000000000000
777 0 1.0000000000000000
798 0 1.0000000000000000
819 0 1.0000000000000000
840 0 1.0000000000000000
861 0 1.0000000000000000
882 0 1.0000000000000000
903 0 1.0000000000000000
924 0 1.0000000000000000
945 0 1.0000000000000000
966 0 1.0000000000000000
987 0 1.0000000000000000
1008 0 1.0000000000000000
1029 0 1.0000000000000000
1050 0 1.0000000000000000
1071 0 1.0000000000000000
1092 0 1.0000000000000000
1113 0 1.0000000000000000
1134 0 1.0000000000000000
1155 0 1.0000000000000000
1176 0 1.0000000000000000
1197 0 1.0000000000000000
1218 0 1.0000000000000000
1239 0 1.0000000000000000
1260 0 1.0000000000000000
1281 0 1.0000000000000000
1302 0 1.0000000000000000
1323 0 1.0000000000000000
1344 0 1.0000000000000000
1365 0 1.0000000000000000
1386 0 1.0000000000000000
1407 0 1.0000000000000000
1428 0 1.0000000000000000
1449 0 1.0000000000000000
1470 0 1.0000000000000000
1491 0 1.0000000000000000
1512 0 1.0000000000000000
1533 0 1.0000000000000000
1554 0 1.0000000000000000
1575 0 1.0000000000000000
1596 0 1.0000000000000000
1617 0 1.0000000000000000
1638 0 1.0000000000000000
1659 0 1.0000000000000000
1680 0 1.0000000000000000
1701 0 1.0000000000000000
1722 0 1.0000000000000000
1743 0 1.0000000000000000
1764 0 1.0000000000000000
1785 0 1.0000000000000000
1806 0 1.0000000000000000
1827 0 1.0000000000000000
1848 0 1.0000000000000000
1869 0 1.0000000000000000
1890 0 1.0000000000000000
1911 0 1.0000000000000000
1932 0 1.0000000000000000
1953 0 1.0000000000000000
1974 0 1.0000000000000000
1995 0 1.0000000000000000
2016 0 1.0000000000000000
2037 0 1.0000000000000000
2058 0 1.0000000000000000
2079 0 1.0000000000000000
2100 0 1.0000000000000000
2121 0 1.0000000000000000
2142 0 1.0000000000000000
2163 0 1.0000000000000000
2184 0 1.0000000000000000
2205 0 1.0000000000000000
2226 0 1.0000000000000000
2247 0 1.0000000000000000
2268 0 1.0000000000000000
2289 0 1.0000000000000000
2310 0 1.0000000000000000
2331 0 1.0000000000000000
2352 0 1.0000000000000000
2373 0 1.0000000000000000
2394 0 1.0000000000000000
2415 0 1.0000000000000000
2436 0 1.0000000000000000
2457 0 1.0000000000000000
2478 0 1.0000000000000000
2499 0 1.0000000000000000
2520 0 1.0000000000000000
2541 0 1.0000000000000000
2562 0 1.0000000000000000
2583 0 1.0000000000000000
2604 0 1.0000000000000000
2625 0 1.0000000000000000
2646 0 1.0000000000000000
2667 0 1.0000000000000000
2688 0 1.0000000000000000
2709 0 1.0000000000000000
2730 0 1.0000000000000000
2751 0 1.0000000000000000
2772 0 1.0000000000000000
2793 0 1.0000000000000000
2814 0 1.0000000000000000
2835 0 1.0000000000000000
2856 0 1.0000000000000000
2877 0 1.0000000000000000
2898 0 1.0000000000000000
2919 0 1.0000000000000000
2940 0 1.0000000000000000
2961 0 1.0000000000000000
2982 0 1.0000000000000000
3003 0 1.0000000000000000
3024 0 1.0000000000000000
3045 0 1.0000000000000000
3066 0 1.0000000000000000
3087 0 1.0000000000000000
3108 0 1.0000000000000000
3129 0 1.0000000000000000
3150 0 1.0000000000000000
3171 0 1.0000000000000000
3192 0 1.0000000000000000
3213 0 1.0000000000000000
3234 0 1.0000000000000000
3255 0 1.0000000000000000
3276 0 1.0000000000000000
3297 0 1.0000000000000000
3318 0 1.0000000000000000
3339 0 1.0000000000000000
3360 0 1.0000000000000000
3381 0 1.0000000000000000
3402 0 1.0000000000000000
3423 0 1.0000000000000000
3444 0 1.0000000000000000
3465 0 1.0000000000000000
3486 0 1.0000000000000000
3507 0 1.0000000000000000
3528 0 1.0000000000000000
3549 0 1.0000000000000000
3570 0 1.0000000000000000
3591 0 1.0000000000000000
3612 0 1.0000000000000000
3633 0 1.0000000000000000
3654 0 1.0000000000000000
3675 0 1.0000000000000000
3696 0 1.0000000000000000
3717 0 1.0000000000000000
3738 0 1.0000000000000000
3759 0 1.0000000000000000
3780 0 1.0000000000000000
3801 0 1.0000000000000000
3822 0 1.0000000000000000
3843 0 1.0000000000000000
3864 0 1.0000000000000000
3885 0 1.0000000000000000
3906 0 1.0000000000000000
3927 0 1.0000000000000000
3948 0 1.0000000000000000
3969 0 1.0000000000000000
3990 0 1.0000000000000000
4011 0 1.0000000000000000
4032 0 1.0000000000000000
4053 0 1.0000000000000000
4074 0 1.0000000000000000
4095 0 1.0000000000000000
4116 0 1.0000000000000000
4137 0 1.0000000000000000
4158 0 1.0000000000000000
4179 0 1.0000000000000000
4200 0 1.0000000000000000
4221 0 1.0000000000000000
4242 0 1.0000000000000000
4263 0 1.0000000000000000
4284 0 1.0000000000000000
4305 0 1.0000000000000000
4326 0 1.0000000000000000
4347 0 1.0000000000000000
4368 0 1.0000000000000000
4389 0 1.0000000000000000
4410 0 1.0000000000000000
4431 0 1.0000000000000000
4452 0 1.0000000000000000
4473 0 1.0000000000000000
4494 0 1.0000000000000000
4515 0 1.0000000000000000
4536 0 1.0000000000000000
4557 0 1.0000000000000000
4578 0 1.0000000000000000
4599 0 1.0000000000000000
4620 0 1.0000000000000000
4641 0 1.0000000000000000
4662 0 1.0000000000000000
4683 0 1.0000000000000000
4704 0 1.0000000000000000
4725 0 1.0000000000000000
4746 0 1.0000000000000000
4767 0 1.0000000000000000
4788 0 1.0000000000000000
4809 0 1.0000000000000000
4830 0 1.0000000000000000
4851 0 1.0000000000000000
4872 0 1.0000000000000000
4893 0 1.0000000000000000
4914 0 1.0000000000000000
4935 0 1.0000000000000000
4956 0 1.0000000000000000
4977 0 1.0000000000000000
4998 0 1.0000000000000000
5019 0 1.0000000000000000
5040 0 1.0000000000000000
5061 0 1.0000000000000000
5082 0 1.0000000000000000
5103 0 1.0000000000000000
5124 0 1.0000000000000000
5145 0 1.0000000000000000
5166 0 1.0000000000000000
5187 0 1.0000000000000000
5208 0 1.0000000000000000
5229 0 1.0000000000000000
5250 0 1.0000000000000000
5271 0 1.0000000000000000
5292 0 1.0000000000000000
5313 0 1.0000000000000000
5334 0 1.0000000000000000
5355 0 1.0000000000000000
5376 0 1.0000000000000000
5397 0 1.0000000000000000
5418 0 1.0000000000000000
5439 0 1.0000000000000000
5460 0 1.0000000000000000
5481 0 1.0000000000000000
5502 0 1.0000000000000000
5523 0 1.0000000000000000
5544 0 1.0000000000000000
5565 0 1.0000000000000000
5586 0 1.0000000000000000
5607 0 1.0000000000000000
5628 0 1.0000000000000000
5649 0 1.0000000000000000
5670 0 1.0000000000000000
5691 0 1.0000000000000000
5712 0 1.0000000000000000
5733 0 1.0000000000000000
5754 0 1.0000000000000000
5775 0 1.0000000000000000
5796 0 1.0000000000000000
5817 0 1.0000000000000000
5838 0 1.0000000000000000
5859 0 1.0000000000000000
5880 0 1.0000000000000000
5901 0 1.0000000000000000
5922 0 1.0000000000000000
5943 0 1.0000000000000000
5964 0 1.0000000000000000
5985 0 1.0000000000000000
6006 0 1.0000000000000000
6027 0 1.0000000000000000
6048 0 1.0000000000000000
6069 0 1.0000000000000000
6090 0 1.0000000000000000
6111 0 1.0000000000000000
6132 0 1.0000000000000000
6153 0 1.0000000000000000
6174 0 1.0000000000000000
6195 0 1.0000000000000000
6216 0 1.0000000000000000
6237 0 1.0000000000000000
6258 0 1.0000000000000000
6279 0 1.0000000000000000
6300 0 1.0000000000000000
6321 0 1.0000000000000000
6342 0 1.0000000000000000
6363 0 1.0000000000000000
6384 0 1.0000000000000000
6405 0 1.0000000000000000
6426 0 1.0000000000000000
6447 0 1.0000000000000000
6468 0 1.0000000000000000
6489 0 1.0000000000000000
6510 0 1.0000000000000000
6531 0 1.0000000000000000
6552 0 1.0000000000000000
6573 0 1.0000000000000000
6594 0 1.0000000000000000
6615 0 1.0000000000000000
6636 0 1.0000000000000000
6657 0 1.0000000000000000
6678 0 1.0000000000000000
6699 0 1.0000000000000000
6720 0 1.0000000000000000
6741 0 1.0000000000000000
6762 0 1.0000000000000000
6783 0 1.0000000000000000
6804 0 1.0000000000000000
6825 0 1.0000000000000000
6846 0 1.0000000000000000
6867 0 1.0000000000000000
6888 0 1.0000000000000000
6909 0 1.0000000000000000
6930 0 1.0000000000000000
6951 0 1.0000000000000000
6972 0 1.0000000000000000
6993 0 1.0000000000000000
7014 0 1.0000000000000000
7035 0 1.0000000000000000
7056 0 1.0000000000000000
7077 0 1.0000000000000000
7098 0 1.0000000000000000
7119 0 1.0000000000000000
7140 0 1.0000000000000000
7161 0 1.0000000000000000
7182 0 1.0000000000000000
7203 0 1.0000000000000000
7224 0 1.0000000000000000
7245 0 1.0000000000000000
7266 0 1.0000000000000000
7287 0 1.0000000000000000
7308 0 1.0000000000000000
7329 0 1.0000000000000000
7350 0 1.0000000000000000
7371 0 1.0000000000000000
7392 0 1.0000000000000000
7413 0 1.0000000000000000
7434 0 1.0000000000000000
7455 0 1.0000000000000000
7476 0 1.0000000000000000
7497 0 1.0000000000000000
7518 0 1.0000000000000000
7539 0 1.0000000000000000
7560 0 1.0000000000000000
7581 0 1.0000000000000000
7602 0 1.0000000000000000
7623 0 1.0000000000000000
7644 0 1.0000000000000000
7665 0 1.0000000000000000
7686 0 1.0000000000000000
7707 0 1.0000000000000000
7728 0 1.0000000000000000
7749 0 1.0000000000000000
7770 0 1.0000000000000000
7791 0 1.0000000000000000
7812 0 1.0000000000000000
7833 0 1.0000000000000000
7854 0 1.0000000000000000
7875 0 1.0000000000000000
7896 0 1.0000000000000000
7917 0 1.0000000000000000
7938 0 1.0000000000000000
7959 0 1.0000000000000000
7980 0 1.0000000000000000
8001 0 1.0000000000000000
8022 0 1.0000000000000000
8043 0 1.0000000000000000
8064 0 1.0000000000000000
8085 0 1.0000000000000000
8106 0 1.0000000000000000
8127 0 1.0000000000000000
8148 0 1.0000000000000000
8169 0 1.0000000000000000
8190 0 1.0000000000000000
8211 0 1.0000000000000000
8232 0 1.0000000000000000
8253 0 1.0000000000000000
8274 0 1.0000000000000000
8295 0 1.0000000000000000
8316 0 1.0000000000000000
8337 0 1.0000000000000000
8358 0 1.0000000000000000
8379 0 1.0000000000000000
8400 0 1.0000000000000000
8421 0 1.0000000000000000
8442 0 1.0000000000000000
8463 0 1.0000000000000000
8484 0 1.0000000000000000
8505 0 1.0000000000000000
8526 0 1.0000000000000000
8547 0 1.0000000000000000
8568 0 1.0000000000000000
8589 0 1.0000000000000000
8610 0 1.0000000000000000
8631 0 1.0000000000000000
8652 0 1.0000000000000000
8673 0 1.0000000000000000
8694 0 1.0000000000000000
8715 0 1.0000000000000000
8736 0 1.0000000000000000
8757 0 1.0000000000000000
8778 0 1.0000000000000000
8799 0 1.0000000000000000
8820 0 1.0000000000000000
8841 0 1.0000000000000000
8862 0 1.0000000000000000
8883 0 1.0000000000000000
8904 0 1.0000000000000000
8925 0 1.0000000000000000
8946 0 1.0000000000000000
8967 0 1.0000000000000000
8988 0 1.0000000000000000
9009 0 1.0000000000000000
9030 0 1.0000000000000000
9051 0 1.0000000000000000
9072 0 1.0000000000000000
9093 0 1.0000000000000000
9114 0 1.0000000000000000
9135 0 1.0000000000000000
9156 0 1.0000000000000000
9177 0 1.0000000000000000
9198 0 1.0000000000000000
9219 0 1.0000000000000000
9240 0 1.0000000000000000
9261 0 1.0000000000000000
9282 0 1.0000000000000000
9303 0 1.0000000000000000
9324 0 1.0000000000000000
9345 0 1.0000000000000000
9366 0 1.0000000000000000
9387 0 1.0000000000000000
9408 0 1.0000000000000000
9429 0 1.0000000000000000
9450 0 1.0000000000000000
9471 0 1.0000000000000000
9492 0 1.0000000000000000
9513 0 1.0000000000000000
9534 0 1.0000000000000000
9555 0 1.0000000000000000
9576 0 1.0000000000000000
9597 0 1.0000000000000000
9618 0 1.0000000000000000
9639 0 1.0000000000000000
9660 0 1.0000000000000000
9681 0 1.0000000000000000
9702 0 1.0000000000000000
9723 0 1.0000000000000000
9744 0 1.0000000000000000
9765 0 1.0000000000000000
9786 0 1.0000000000000000
9807 0 1.0000000000000000
9828 0 1.0000000000000000
9849 0 1.0000000000000000
9870 0 1.0000000000000000
9891 0 1.0000000000000000
9912 0 1.0000000000000000
9933 0 1.0000000000000000
9954 0 1.0000000000000000
9975 0 1.0000000000000000
9996 0 1.0000000000000000
10017 0 1.0000000000000000
10038 0 1.0000000000000000
10059 0 1.0000000000000000
10080 0 1.0000000000000000
10101 0 1.0000000000000000
10122 0 1.0000000000000000
10143 0 1.0000000000000000
10164 0 1.0000000000000000
10185 0 1.0000000000000000
10206 0 1.0000000000000000
10227 0 1.0000000000000000
10248 0 1.0000000000000000
10269 0 1.0000000000000000
10290 0 1.0000000000000000
10311 0 1.0000000000000000
10332 0 1.0000000000000000
10353 0 1.0000000000000000
10374 0 1.0000000000000000
10395 0 1.0000000000000000
10416 0 1.0000000000000000
10437 0 1.0000000000000000
10458 0 1.0000000000000000
10479 0 1.0000000000000000
10500 0 1.0000000000000000
10521 0 1.0000000000000000
10542 0 1.0000000000000000
10563 0 1.0000000000000000
10584 0 1.0000000000000000
10605 0 1.0000000000000000
10626 0 1.0000000000000000
10647 0 1.0000000000000000
10668 0 1.0000000000000000
10689 0 1.0000000000000000
10710 0 1.0000000000000000
10731 0 1.0000000000000000
10752 0 1.0000000000000000
10773 0 1.0000000000000000
10794 0 1.0000000000000000
10815 0 1.0000000000000000
10836 0 1.0000000000000000
10857 0 1.0000000000000000
10878 0 1.0000000000000000
10899 0 1.0000000000000000
10920 0 1.0000000000000000
10941 0 1.0000000000000000
10962 0 1.0000000000000000
10983 0 1.0000000000000000
11004 0 1.0000000000000000
11025 0 1.0000000000000000
11046 0 1.0000000000000000
11067 0 1.0000000000000000
11088 0 1.0000000000000000
11109 0 1.0000000000000000
11130 0 1.0000000000000000
11151 0 1.0000000000000000
11172 0 1.0000000000000000
11193 0 1.0000000000000000
11214 0 1.0000000000000000
11235 0 1.0000000000000000
11256 0 1.0000000000000000
11277 0 1.0000000000000000
11298 0 1.0000000000000000
11319 0 1.0000000000000000
11340 0 1.0000000000000000
11361 0 1.0000000000000000
11382 0 1.0000000000000000
11403 0 1.0000000000000000
11424 0 1.0000000000000000
11445 0 1.0000000000000000
11466 0 1.0000000000000000
11487 0 1.0000000000000000
11508 0 1.0000000000000000
11529 0 1.0000000000000000
11550 0 1.0000000000000000
11571 0 1.0000000000000000
11592 0 1.0000000000000000
11613 0 1.0000000000000000
11634 0 1.0000000000000000
11655 0 1.0000000000000000
11676 0 1.0000000000000000
11697 0 1.0000000000000000
11718 0 1.0000000000000000
11739 0 1.0000000000000000
11760 0 1.0000000000000000
11781 0 1.0000000000000000
11802 0 1.0000000000000000
11823 0 1.0000000000000000
11844 0 1.0000000000000000
11865 0 1.0000000000000000
11886 0 1.0000000000000000
11907 0 1.0000000000000000
11928 0 1.0000000000000000
11949 0 1.0000000000000000
11970 0 1.0000000000000000
11991 0 1.0000000000000000
12012 0 1.0000000000000000
12033 0 1.0000000000000000
12054 0 1.0000000000000000
12075 0 1.0000000000000000
12096 0 1.0000000000000000
12117 0 1.0000000000000000
12138 0 1.0000000000000000
12159 0 1.0000000000000000
12180 0 1.0000000000000000
12201 0 1.0000000000000000
12222 0 1.0000000000000000
12243 0 1.0000000000000000
12264 0 1.0000000000000000
12285 0 1.0000000000000000
12306 0 1.0000000000000000
12327 0 1.0000000000000000
12348 0 1.0000000000000000
12369 0 1.0000000000000000
12390 0 1.0000000000000000
12411 0 1.0000000000000000
12432 0 1.0000000000000000
12453 0 1.0000000000000000
12474 0 1.0000000000000000
12495 0 1.0000000000000000
12516 0 1.0000000000000000
12537 0 1.0000000000000000
12558 0 1.0000000000000000
12579 0 1.0000000000000000
12600 0 1.0000000000000000
12621 0 1.0000000000000000
12642 0 1.0000000000000000
12663 0 1.0000000000000000
12684 0 1.0000000000000000
12705 0 1.0000000000000000
12726 0 1.0000000000000000
12747 0 1.0000000000000000
12768 0 1.0000000000000000
12789 0 1.0000000000000000
12810 0 1.0000000000000000
12831 0 1.0000000000000000
12852 0 1.0000000000000000
12873 0 1.0000000000000000
12894 0 1.0000000000000000
12915 0 1.0000000000000000
12936 0 1.0000000000000000
12957 0 1.0000000000000000
12978 0 1.0000000000000000
12999 0 1.0000000000000000
13020 0 1.0000000000000000
13041 0 1.0000000000000000
13062 0 1.0000000000000000
13083 0 1.0000000000000000
13104 0 1.0000000000000000
13125 0 1.0000000000000000
13146 0 1.0000000000000000
13167 0 1.0000000000000000
13188 0 1.0000000000000000
13209 0 1.0000000000000000
13230 0 1.0000000000000000
13251 0 1.0000000000000000
13272 0 1.0000000000000000
13293 0 1.0000000000000000
13314 0 1.0000000000000000
13335 0 1.0000000000000000
13356 0 1.0000000000000000
13377 0 1.0000000000000000
13398 0 1.0000000000000000
13419 0 1.0000000000000000
13440 0 1.0000000000000000
13461 0 1.0000000000000000
13482 0 1.0000000000000000
13503 0 1.0000000000000000
13524 0 1.0000000000000000
13545 0 1.0000000000000000
13566 0 1.0000000000000000
13587 0 1.0000000000000000
13608 0 1.0000000000000000
13629 0 1.0000000000000000
13650 0 1.0000000000000000
13671 0 1.0000000000000000
13692 0 1.0000000000000000
13713 0 1.0000000000000000
13734 0 1.0000000000000000
13755 0 1.0000000000000000
13776 0 1.0000000000000000
13797 0 1.0000000000000000
13818 0 1.0000000000000000
13839 0 1.0000000000000000
13860 0 1.0000000000000000
13881 0 1.0000000000000000
13902 0 1.0000000000000000
13923 0 1.0000000000000000
13944 0 1.0000000000000000
13965 0 1.0000000000000000
13986 0 1.0000000000000000
14007 0 1.0000000000000000
14028 0 1.0000000000000000
14049 0 1.0000000000000000
14070 0 1.0000000000000000
14091 0 1.0000000000000000
14112 0 1.0000000000000000
14133 0 1.0000000000000000
14154 0 1.0000000000000000
14175 0 1.0000000000000000
14196 0 1.0000000000000000
14217 0 1.0000000000000000
14238 0 1.0000000000000000
14259 0 1.0000000000000000
14280 0 1.0000000000000000
14301 0 1.0000000000000000
14322 0 1.0000000000000000
14343 0 1.0000000000000000
14364 0 1.0000000000000000
14385 0 1.0000000000000000
14406 0 1.0000000000000000
14427 0 1.0000000000000000
14448 0 1.0000000000000000
14469 0 1.0000000000000000
14490 0 1.0000000000000000
14511 0 1.0000000000000000
14532 0 1.0000000000000000
14553 0 1.0000000000000000
14574 0 1.0000000000000000
14595 0 1.0000000000000000
14616 0 1.0000000000000000
14637 0 1.0000000000000000
14658 0 1.0000000000000000
14679 0 1.0000000000000000
14700 0 1.0000000000000000
14721 0 1.0000000000000000
14742 0 1.0000000000000000
14763 0 1.0000000000000000
14784 0 1.0000000000000000
14805 0 1.0000000000000000
14826 0 1.0000000000000000
14847 0 1.0000000000000000
14868 0 1.0000000000000000
14889 0 1.0000000000000000
14910 0 1.0000000000000000
14931 0 1.0000000000000000
14952 0 1.0000000000000000
14973 0 1.0000000000000000
14994 0 1.0000000000000000
15015 0 1.0000000000000000
15036 0 1.0000000000000000
15057 0 1.0000000000000000
15078 0 1.0000000000000000
15099 0 1.0000000000000000
15120 0 1.0000000000000000
15141 0 1.0000000000000000
15162 0 1.0000000000000000
15183 0 1.0000000000000000
15204 0 1.0000000000000000
15225 0 1.0000000000000000
15246 0 1.0000000000000000
15267 0 1.0000000000000000
15288 0 1.0000000000000000
15309 0 1.0000000000000000
15330 0 1.0000000000000000
15351 0 1.0000000000000000
15372 0 1.0000000000000000
15393 0 1.0000000000000000
15414 0 1.0000000000000000
15435 0 1.0000000000000000
15456 0 1.0000000000000000
15477 0 1.0000000000000000
15498 0 1.0000000000000000
15519 0 1.0000000000000000
15540 0 1.0000000000000000
15561 0 1.0000000000000000
15582 0 1.0000000000000000
15603 0 1.0000000000000000
15624 0 1.0000000000000000
15645 0 1.0000000000000000
15666 0 1.0000000000000000
15687 0 1.0000000000000000
15708 0 1.0000000000000000
15729 0 1.0000000000000000
15750 0 1.0000000000000000
15771 0 1.0000000000000000
15792 0 1.0000000000000000
15813 0 1.0000000000000000
15834 0 1.0000000000000000
15855 0 1.0000000000000000
15876 0 1.0000000000000000
15897 0 1.0000000000000000
15918 0 1.0000000000000000
15939 0 1.0000000000000000
15960 0 1.0000000000000000
15981 0 1.0000000000000000
16002 0 1.0000000000000000
16023 0 1.0000000000000000
16044 0 1.0000000000000000
16065 0 1.0000000000000000
16086 0 1.0000000000000000
16107 0 1.0000000000000000
16128 0 1.0000000000000000
16149 0 1.0000000000000000
16170 0 1.0000000000000000
16191 0 1.0000000000000000
16212 0 1.0000000000000000
16233 0 1.0000000000000000
16254 0 1.0000000000000000
16275 0 1.0000000000000000
16296 0 1.0000000000000000
16317 0 1.0000000000000000
16338 0 1.0000000000000000
16359 0 1.0000000000000000
16380 0 1.0000000000000000
16401 0 1.0000000000000000
16422 0 1.0000000000000000
16443 0 1.0000000000000000
16464 0 1.0000000000000000
16485 0 1.0000000000000000
16506 0 1.0000000000000000
16527 0 1.0000000000000000
16548 0 1.0000000000000000
16569 0 1.0000000000000000
16590 0 1.0000000000000000
16611 0 1.0000000000000000
16632 0 1.0000000000000000
16653 0 1.0000000000000000
16674 0 1.0000000000000000
16695 0 1.0000000000000000
16716 0 1.0000000000000000
16737 0 1.0000000000000000
16758 0 1.0000000000000000
16779 0 1.0000000000000000
16800 0 1.0000000000000000
16821 0 1.0000000000000000
16842 0 1.0000000000000000
16863 0 1.0000000000000000
16884 0 1.0000000000000000
16905 0 1.0000000000000000
16926 0 1.0000000000000000
16947 0 1.0000000000000000
16968 0 1.0000000000000000
16989 0 1.0000000000000000
17010 0 1.0000000000000000
17031 0 1.0000000000000000
17052 0 1.0000000000000000
17073 0 1.0000000000000000
17094 0 1.0000000000000000
17115 0 1.0000000000000000
17136 0 1.0000000000000000
17157 0 1.0000000000000000
17178 0 1.0000000000000000
17199 0 1.0000000000000000
17220 0 1.0000000000000000
17241 0 1.0000000000000000
17262 0 1.0000000000000000
17283 0 1.0000000000000000
17304 0 1.0000000000000000
17325 0 1.0000000000000000
17346 0 1.0000000000000000
17367 0 1.0000000000000000
17388 0 1.0000000000000000
17409 0 1.0000000000000000
17430 0 1.0000000000000000
17451 0 1.0000000000000000
17472 0 1.0000000000000000
17493 0 1.0000000000000000
17514 0 1.0000000000000000
17535 0 1.0000000000000000
17556 0 1.0000000000000000
17577 0 1.0000000000000000
17598 0 1.0000000000000000
17619 0 1.0000000000000000
17640 0 1.0000000000000000
17661 0 1.0000000000000000
17682 0 1.0000000000000000
17703 0 1.0000000000000000
17724 0 1.0000000000000000
17745 0 1.0000000000000000
17766 0 1.0000000000000000
17787 0 1.0000000000000000
17808 0 1.0000000000000000
17829 0 1.0000000000000000
17850 0 1.0000000000000000
17871 0 1.0000000000000000
17892 0 1.0000000000000000
17913 0 1.0000000000000000
17934 0 1.0000000000000000
17955 0 1.0000000000000000
17976 0 1.0000000000000000
17997 0 1.0000000000000000
18018 0 1.0000000000000000
18039 0 1.0000000000000000
18060 0 1.0000000000000000
18081 0 1.0000000000000000
18102 0 1.0000000000000000
18123 0 1.0000000000000000
18144 0 1.0000000000000000
18165 0 1.0000000000000000
18186 0 1.0000000000000000
18207 0 1.0000000000000000
18228 0 1.0000000000000000
18249 0 1.0000000000000000
18270 0 1.0000000000000000
18291 0 1.0000000000000000
18312 0 1.0000000000000000
18333 0 1.0000000000000000
18354 0 1.0000000000000000
18375 0 1.0000000000000000
18396 0 1.0000000000000000
18417 0 1.0000000000000000
18438 0 1.0000000000000000
18459 0 1.0000000000000000
18480 0 1.0000000000000000
18501 0 1.0000000000000000
18522 0 1.0000000000000000
18543 0 1.0000000000000000
18564 0 1.0000000000000000
18585 0 1.0000000000000000
18606 0 1.0000000000000000
18627 0 1.0000000000000000
18648 0 1.0000000000000000
18669 0 1.0000000000000000
18690 0 1.0000000000000000
18711 0 1.0000000000000000
18732 0 1.0000000000000000
18753 0 1.0000000000000000
18774 0 1.0000000000000000
18795 0 1.0000000000000000
18816 0 1.0000000000000000
18837 0 1.0000000000000000
18858 0 1.0000000000000000
18879 0 1.0000000000000000
18900 0 1.0000000000000000
18921 0 1.0000000000000000
18942 0 1.0000000000000000
18963 0 1.0000000000000000
18984 0 1.0000000000000000
19005 0 1.0000000000000000
19026 0 1.0000000000000000
19047 0 1.0000000000000000
19068 0 1.0000000000000000
19089 0 1.0000000000000000
19110 0 1.0000000000000000
19131 0 1.0000000000000000
19152 0 1.0000000000000000
19173 0 1.0000000000000000
19194 0 1.0000000000000000
19215 0 1.0000000000000000
19236 0 1.0000000000000000
19257 0 1.0000000000000000
19278 0 1.0000000000000000
19299 0 1.0000000000000000
19320 0 1.0000000000000000
19341 0 1.0000000000000000
19362 0 1.0000000000000000
19383 0 1.0000000000000000
19404 0 1.0000000000000000
19425 0 1.0000000000000000
19446 0 1.0000000000000000
19467 0 1.0000000000000000
19488 0 1.0000000000000000
19509 0 1.0000000000000000
19530 0 1.0000000000000000
19551 0 1.0000000000000000
19572 0 1.0000000000000000
19593 0 1.0000000000000000
19614 0 1.0000000000000000
19635 0 1.0000000000000000
19656 0 1.0000000000000000
19677 0 1.0000000000000000
19698 0 1.0000000000000000
19719 0 1.0000000000000000
19740 0 1.0000000000000000
19761 0 1.0000000000000000
19782 0 1.0000000000000000
19803 0 1.0000000000000000
19824 0 1.0000000000000000
19845 0 1.0000000000000000
19866 0 1.0000000000000000
19887 0 1.0000000000000000
19908 0 1.0000000000000000
19929 0 1.0000000000000000
19950 0 1.0000000000000000
19971 0 1.0000000000000000
19992 0 1.0000000000000000
20013 0 1.0000000000000000
20034 0 1.0000000000000000
20055 0 1.0000000000000000
20076 0 1.0000000000000000
20097 0 1.0000000000000000
20118 0 1.0000000000000000
20139 0 1.0000000000000000
20160 0 1.0000000000000000
20181 0 1.0000000000000000
20202 0 1.0000000000000000
20223 0 1.0000000000000000
20244 0 1.0000000000000000
20265 0 1.0000000000000000
20286 0 1.0000000000000000
20307 0 1.0000000000000000
20328 0 1.0000000000000000
20349 0 1.0000000000000000
20370 0 1.0000000000000000
20391 0 1.0000000000000000
20412 0 1.0000000000000000
20433 0 1.0000000000000000
20454 0 1.0000000000000000
20475 0 1.0000000000000000
20496 0 1.0000000000000000
20517 0 1.0000000000000000
20538 0 1.0000000000000000
20559 0 1.0000000000000000
20580 0 1.0000000000000000
20601 0 1.0000000000000000
20622 0 1.0000000000000000
20643 0 1.0000000000000000
20664 0 1.0000000000000000
20685 0 1.0000000000000000
20706 0 1.0000000000000000
20727 0 1.0000000000000000
20748 0 1.0000000000000000
20769 0 1.0000000000000000
20790 0 1.0000000000000000
20811 0 1.0000000000000000
20832 0 1.0000000000000000
20853 0 1.0000000000000000
20874 0 1.0000000000000000
20895 0 1.0000000000000000
20916 0 1.0000000000000000
20937 0 1.0000000000000000
20958 0 1.0000000000000000
20979 0 1.0000000000000000
21000 0 1.0000000000000000
21021 0 1.0000000000000000
21042 0 1.0000000000000000
21063 0 1.0000000000000000
21084 0 1.0000000000000000
21105 0 1.0000000000000000
21126 0 1.0000000000000000
21147 0 1.0000000000000000
21168 0 1.0000000000000000
21189 0 1.0000000000000000
21210 0 1.0000000000000000
21231 0 1.0000000000000000
21252 0 1.0000000000000000
21273 0 1.0000000000000000
21294 0 1.0000000000000000
21315 0 1.0000000000000000
21336 0 1.0000000000000000
21357 0 1.0000000000000000
21378 0 1.0000000000000000
21399 0 1.0000000000000000
21420 0 1.0000000000000000
21441 0 1.0000000000000000
21462 0 1.0000000000000000
21483 0 1.0000000000000000
21504 0 1.0000000000000000
21525 0 1.0000000000000000
21546 0 1.0000000000000000
21567 0 1.0000000000000000
21588 0 1.0000000000000000
21609 0 1.0000000000000000
21630 0 1.0000000000000000
21651 0 1.0000000000000000
21672 0 1.0000000000000000
21693 0 1.0000000000000000
21714 0 1.0000000000000000
21735 0 1.0000000000000000
21756 0 1.0000000000000000
21777 0 1.0000000000000000
21798 0 1.0000000000000000
21819 0 1.0000000000000000
21840 0 1.0000000000000000
21861 0 1.0000000000000000
21882 0 1.0000000000000000
21903 0 1.0000000000000000
21924 0 1.0000000000000000
21945 0 1.0000000000000000
21966 0 1.0000000000000000
21987 0 1.0000000000000000
22008 0 1.0000000000000000
22029 0 1.0000000000000000
22050 0 1.0000000000000000
22071 0 1.0000000000000000
22092 0 1.0000000000000000
22113 0 1.0000000000000000
22134 0 1.0000000000000000
22155 0 1.0000000000000000
22176 0 1.0000000000000000
22197 0 1.0000000000000000
22218 0 1.0000000000000000
22239 0 1.0000000000000000
22260 0 1.0000000000000000
22281 0 1.0000000000000000
22302 0 1.0000000000000000
22323 0 1.0000000000000000
22344 0 1.0000000000000000
22365 0 1.0000000000000000
22386 0 1.0000000000000000
22407 0 1.0000000000000000
22428 0 1.0000000000000000
22449 0 1.0000000000000000
22470 0 1.0000000000000000
22491 0 1.0000000000000000
22512 0 1.0000000000000000
22533 0 1.0000000000000000
22554 0 1.0000000000000000
22575 0 1.0000000000000000
22596 0 1.0000000000000000
22617 0 1.0000000000000000
22638 0 1.0000000000000000
22659 0 1.0000000000000000
22680 0 1.0000000000000000
22701 0 1.0000000000000000
22722 0 1.0000000000000000
22743 0 1.0000000000000000
22764 0 1.0000000000000000
22785 0 1.0000000000000000
22806 0 1.0000000000000000
22827 0 1.0000000000000000
22848 0 1.0000000000000000
22869 0 1.0000000000000000
22890 0 1.0000000000000000
22911 0 1.0000000000000000
22932 0 1.0000000000000000
22953 0 1.0000000000000000
22974 0 1.0000000000000000
22995 0 1.0000000000000000
23016 0 1.0000000000000000
23037 0 1.0000000000000000
23058 0 1.0000000000000000
23079 0 1.0000000000000000
23100 0 1.0000000000000000
23121 0 1.0000000000000000
23142 0 1.0000000000000000
23163 0 1.0000000000000000
23184 0 1.0000000000000000
23205 0 1.0000000000000000
23226 0 1.0000000000000000
23247 0 1.0000000000000000
23268 0 1.0000000000000000
23289 0 1.0000000000000000
23310 0 1.0000000000000000
23331 0 1.0000000000000000
23352 0 1.0000000000000000
23373 0 1.0000000000000000
23394 0 1.0000000000000000
23415 0 1.0000000000000000
23436 0 1.0000000000000000
23457 0 1.0000000000000000
23478 0 1.0000000000000000
23499 0 1.0000000000000000
23520 0 1.0000000000000000
23541 0 1.0000000000000000
23562 0 1.0000000000000000
23583 0 1.0000000000000000
23604 0 1.0000000000000000
23625 0 1.0000000000000000
23646 0 1.0000000000000000
23667 0 1.0000000000000000
23688 0 1.0000000000000000
23709 0 1.0000000000000000
23730 0 1.0000000000000000
23751 0 1.0000000000000000
23772 0 1.0000000000000000
23793 0 1.0000000000000000
23814 0 1.0000000000000000
23835 0 1.0000000000000000
23856 0 1.0000000000000000
23877 0 1.0000000000000000
23898 0 1.0000000000000000
23919 0 1.0000000000000000
23940 0 1.0000000000000000
23961 0 1.0000000000000000
23982 0 1.0000000000000000
24003 0 1.0000000000000000
24024 0 1.0000000000000000
24045 0 1.0000000000000000
24066 0 1.0000000000000000
24087 0 1.0000000000000000
24108 0 1.0000000000000000
24129 0 1.0000000000000000
24150 0 1.0000000000000000
24171 0 1.0000000000000000
24192 0 1.0000000000000000
24213 0 1.0000000000000000
24234 0 1.0000000000000000
24255 0 1.0000000000000000
24276 0 1.0000000000000000
24297 0 1.0000000000000000
24318 0 1.0000000000000000
24339 0 1.0000000000000000
24360 0 1.0000000000000000
24381 0 1.0000000000000000
24402 0 1.0000000000000000
24423 0 1.0000000000000000
24444 0 1.0000000000000000
24465 0 1.0000000000000000
24486 0 1.0000000000000000
24507 0 1.0000000000000000
24528 0 1.0000000000000000
24549 0 1.0000000000000000
24570 0 1.0000000000000000
24591 0 1.0000000000000000
24612 0 1.0000000000000000
24633 0 1.0000000000000000
24654 0 1.0000000000000000
24675 0 1.0000000000000000
24696 0 1.0000000000000000
24717 0 1.0000000000000000
24738 0 1.0000000000000000
24759 0 1.0000000000000000
24780 0 1.0000000000000000
24801 0 1.0000000000000000
24822 0 1.0000000000000000
24843 0 1.0000000000000000
24864 0 1.0000000000000000
24885 0 1.0000000000000000
24906 0 1.0000000000000000
24927 0 1.0000000000000000
24948 0 1.0000000000000000
24969 0 1.0000000000000000
24990 0 1.0000000000000000
25011 0 1.0000000000000000
25032 0 1.0000000000000000
25053 0 1.0000000000000000
25074 0 1.0000000000000000
25095 0 1.0000000000000000
25116 0 1.0000000000000000
25137 0 1.0000000000000000
25158 0 1.0000000000000000
25179 0 1.0000000000000000
25200 0 1.0000000000000000
25221 0 1.0000000000000000
25242 0 1.0000000000000000
25263 0 1.0000000000000000
25284 0 1.0000000000000000
25305 0 1.0000000000000000
25326 0 1.0000000000000000
25347 0 1.0000000000000000
25368 0 1.0000000000000000
25389 0 1.0000000000000000
25410 0 1.0000000000000000
25431 0 1.0000000000000000
25452 0 1.0000000000000000
25473 0 1.0000000000000000
25494 0 1.0000000000000000
25515 0 1.0000000000000000
25536 0 1.0000000000000000
25557 0 1.0000000000000000
25578 0 1.0000000000000000
25599 0 1.0000000000000000
25620 0 1.0000000000000000
25641 0 1.0000000000000000
25662 0 1.0000000000000000
25683 0 1.0000000000000000
25704 0 1.0000000000000000
25725 0 1.0000000000000000
25746 0 1.0000000000000000
25767 0 1.0000000000000000
25788 0 1.0000000000000000
25809 0 1.0000000000000000
25830 0 1.0000000000000000
25851 0 1.0000000000000000
25872 0 1.0000000000000000
25893 0 1.0000000000000000
25914 0 1.0000000000000000
25935 0 1.0000000000000000
25956 0 1.0000000000000000
25977 0 1.0000000000000000
25998 0 1.0000000000000000
26019 0 1.0000000000000000
26040 0 1.0000000000000000
26061 0 1.0000000000000000
26082 0 1.0000000000000000
26103 0 1.0000000000000000
26124 0 1.0000000000000000
26145 0 1.0000000000000000
26166 0 1.0000000000000000
26187 0 1.0000000000000000
26208 0 1.0000000000000000
26229 0 1.0000000000000000
26250 0 1.0000000000000000
26271 0 1.0000000000000000
26292 0 1.0000000000000000
26313 0 1.0000000000000000
26334 0 1.0000000000000000
26355 0 1.0000000000000000
26376 0 1.0000000000000000
26397 0 1.0000000000000000
26418 0 1.0000000000000000
26439 0 1.0000000000000000
26460 0 1.0000000000000000
26481 0 1.0000000000000000
26502 0 1.0000000000000000
26523 0 1.0000000000000000
26544 0 1.0000000000000000
26565 0 1.0000000000000000
26586 0 1.0000000000000000
26607 0 1.0000000000000000
26628 0 1.0000000000000000
26649 0 1.0000000000000000
26670 0 1.0000000000000000
26691 0 1.0000000000000000
26712 0 1.0000000000000000
26733 0 1.0000000000000000
26754 0 1.0000000000000000
26775 0 1.0000000000000000
26796 0 1.0000000000000000
26817 0 1.0000000000000000
26838 0 1.0000000000000000
26859 0 1.0000000000000000
26880 0 1.0000000000000000
26901 0 1.0000000000000000
26922 0 1.0000000000000000
26943 0 1.0000000000000000
26964 0 1.0000000000000000
26985 0 1.0000000000000000
27006 0 1.0000000000000000
27027 0 1.0000000000000000
27048 0 1.0000000000000000
27069 0 1.0000000000000000
27090 0 1.0000000000000000
27111 0 1.0000000000000000
27132 0 1.0000000000000000
27153 0 1.0000000000000000
27174 0 1.0000000000000000
27195 0 1.0000000000000000
27216 0 1.0000000000000000
27237 0 1.0000000000000000
27258 0 1.0000000000000000
27279 0 1.0000000000000000
27300 0 1.0000000000000000
27321 0 1.0000000000000000
27342 0 1.0000000000000000
27363 0 1.0000000000000000
27384 0 1.0000000000000000
27405 0 1.0000000000000000
27426 0 1.0000000000000000
27447 0 1.0000000000000000
27468 0 1.0000000000000000
27489 0 1.0000000000000000
27510 0 1.0000000000000000
27531 0 1.0000000000000000
27552 0 1.0000000000000000
27573 0 1.0000000000000000
27594 0 1.0000000000000000
27615 0 1.0000000000000000
27636 0 1.0000000000000000
27657 0 1.0000000000000000
27678 0 1.0000000000000000
27699 0 1.0000000000000000
27720 0 1.0000000000000000
27741 0 1.0000000000000000
27762 0 1.0000000000000000
27783 0 1.0000000000000000
27804 0 1.0000000000000000
27825 0 1.0000000000000000
27846 0 1.0000000000000000
27867 0 1.0000000000000000
27888 0 1.0000000000000000
27909 0 1.0000000000000000
27930 0 1.0000000000000000
27951 0 1.0000000000000000
27972 0 1.0000000000000000
27993 0 1.0000000000000000
28014 0 1.0000000000000000
28035 0 1.0000000000000000
28056 0 1.0000000000000000
28077 0 1.0000000000000000
28098 0 1.0000000000000000
28119 0 1.0000000000000000
28140 0 1.0000000000000000
28161 0 1.0000000000000000
28182 0 1.0000000000000000
28203 0 1.0000000000000000
28224 0 1.0000000000000000
28245 0 1.0000000000000000
28266 0 1.0000000000000000
28287 0 1.0000000000000000
28308 0 1.0000000000000000
28329 0 1.0000000000000000
28350 0 1.0000000000000000
28371 0 1.0000000000000000
28392 0 1.0000000000000000
28413 0 1.0000000000000000
28434 0 1.0000000000000000
28455 0 1.0000000000000000
28476 0 1.0000000000000000
28497 0 1.0000000000000000
28518 0 1.0000000000000000
28539 0 1.0000000000000000
28560 0 1.0000000000000000
28581 0 1.0000000000000000
28602 0 1.0000000000000000
28623 0 1.0000000000000000
28644 0 1.0000000000000000
28665 0 1.0000000000000000
28686 0 1.0000000000000000
28707 0 1.0000000000000000
28728 0 1.0000000000000000
28749 0 1.0000000000000000
28770 0 1.0000000000000000
28791 0 1.0000000000000000
28812 0 1.0000000000000000
28833 0 1.0000000000000000
28854 0 1.0000000000000000
28875 0 1.0000000000000000
28896 0 1.0000000000000000
28917 0 1.0000000000000000
28938 0 1.0000000000000000
28959 0 1.0000000000000000
28980 0 1.0000000000000000
29001 0 1.0000000000000000
29022 0 1.0000000000000000
29043 0 1.0000000000000000
29064 0 1.0000000000000000
29085 0 1.0000000000000000
29106 0 1.0000000000000000
29127 0 1.0000000000000000
29148 0 1.0000000000000000
29169 0 1.0000000000000000
29190 0 1.0000000000000000
29211 0 1.0000000000000000
29232 0 1.0000000000000000
29253 0 1.0000000000000000
29274 0 1.0000000000000000
29295 0 1.0000000000000000
29316 0 1.0000000000000000
29337 0 1.0000000000000000
29358 0 1.0000000000000000
29379 0 1.0000000000000000
29400 0 1.0000000000000000
29421 0 1.0000000000000000
29442 0 1.0000000000000000
29463 0 1.0000000000000000
29484 0 1.0000000000000000
29505 0 1.0000000000000000
29526 0 1.0000000000000000
29547 0 1.0000000000000000
29568 0 1.0000000000000000
29589 0 1.0000000000000000
29610 0 1.0000000000000000
29631 0 1.0000000000000000
29652 0 1.0000000000000000
29673 0 1.0000000000000000
29694 0 1.0000000000000000
29715 0 1.0000000000000000
29736 0 1.0000000000000000
29757 0 1.0000000000000000
29778 0 1.0000000000000000
29799 0 1.0000000000000000
29820 0 1.0000000000000000
29841 0 1.0000000000000000
29862 0 1.0000000000000000
29883 0 1.0000000000000000
29904 0 1.0000000000000000
29925 0 1.0000000000000000
29946 0 1.0000000000000000
29967 0 1.0000000000000000
29988 0 1.0000000000000000
30009 0 1.0000000000000000
30030 0 1.0000000000000000
30051 0 1.0000000000000000
30072 0 1.0000000000000000
30093 0 1.0000000000000000
30114 0 1.0000000000000000
30135 0 1.0000000000000000
30156 0 1.0000000000000000
30177 0 1.0000000000000000
30198 0 1.0000000000000000
30219 0 1.0000000000000000
30240 0 1.0000000000000000
30261 0 1.0000000000000000
30282 0 1.0000000000000000
30303 0 1.0000000000000000
30324 0 1.0000000000000000
30345 0 1.0000000000000000
30366 0 1.0000000000000000
30387 0 1.0000000000000000
30408 0 1.0000000000000000
30429 0 1.0000000000000000
30450 0 1.0000000000000000
30471 0 1.0000000000000000
30492 0 1.0000000000000000
30513 0 1.0000000000000000
30534 0 1.0000000000000000
30555 0 1.0000000000000000
30576 0 1.0000000000000000
30597 0 1.0000000000000000
30618 0 1.0000000000000000
30639 0 1.0000000000000000
30660 0 1.0000000000000000
30681 0 1.0000000000000000
30702 0 1.0000000000000000
30723 0 1.0000000000000000
30744 0 1.0000000000000000
30765 0 1.0000000000000000
30786 0 1.0000000000000000
30807 0 1.0000000000000000
30828 0 1.0000000000000000
30849 0 1.0000000000000000
30870 0 1.0000000000000000
30891 0 1.0000000000000000
30912 0 1.0000000000000000
30933 0 1.0000000000000000
30954 0 1.0000000000000000
30975 0 1.0000000000000000
30996 0 1.0000000000000000
31017 0 1.0000000000000000
31038 0 1.0000000000000000
31059 0 1.0000000000000000
31080 0 1.0000000000000000
31101 0 1.0000000000000000
31122 0 1.0000000000000000
31143 0 1.0000000000000000
31164 0 1.0000000000000000
31185 0 1.0000000000000000
31206 0 1.0000000000000000
31227 0 1.0000000000000000
31248 0 1.0000000000000000
31269 0 1.0000000000000000
31290 0 1.0000000000000000
31311 0 1.0000000000000000
31332 0 1.0000000000000000
31353 0 1.0000000000000000
31374 0 1.0000000000000000
31395 0 1.0000000000000000
31416 0 1.0000000000000000
31437 0 1.0000000000000000
31458 0 1.0000000000000000
31479 0 1.0000000000000000
31500 0 1.0000000000000000
31521 0 1.0000000000000000
31542 0 1.0000000000000000
31563 0 1.0000000000000000
31584 0 1.0000000000000000
31605 0 1.0000000000000000
31626 0 1.0000000000000000
31647 0 1.0000000000000000
31668 0 1.0000000000000000
31689 0 1.0000000000000000
31710 0 1.0000000000000000
31731 0 1.0000000000000000
31752 0 1.0000000000000000
31773 0 1.0000000000000000
31794 0 1.0000000000000000
31815 0 1.0000000000000000
31836 0 1.0000000000000000
31857 0 1.0000000000000000
31878 0 1.0000000000000000
31899 0 1.0000000000000000
31920 0 1.0000000000000000
31941 0 1.0000000000000000
31962 0 1.0000000000000000
31983 0 1.0000000000000000
32004 0 1.0000000000000000
32025 0 1.0000000000000000
32046 0 1.0000000000000000
32067 0 1.0000000000000000
32088 0 1.0000000000000000
32109 0 1.0000000000000000
32130 0 1.0000000000000000
32151 0 1.0000000000000000
32172 0 1.0000000000000000
32193 0 1.0000000000000000
32214 0 1.0000000000000000
32235 0 1.0000000000000000
32256 0 1.0000000000000000
32277 0 1.0000000000000000
32298 0 1.0000000000000000
32319 0 1.0000000000000000
32340 0 1.0000000000000000
32361 0 1.0000000000000000
32382 0 1.0000000000000000
32403 0 1.0000000000000000
32424 0 1.0000000000000000
32445 0 1.0000000000000000
32466 0 1.0000000000000000
32487 0 1.0000000000000000
32508 0 1.0000000000000000
32529 0 1.0000000000000000
32550 0 1.0000000000000000
32571 0 1.0000000000000000
32592 0 1.0000000000000000
32613 0 1.0000000000000000
32634 0 1.0000000000000000
32655 0 1.0000000000000000
32676 0 1.0000000000000000
32697 0 1.0000000000000000
32718 0 1.0000000000000000
32739 0 1.0000000000000000
32760 0 1.0000000000000000
32781 0 1.0000000000000000
32802 0 1.0000000000000000
32823 0 1.0000000000000000
32844 0 1.0000000000000000
32865 0 1.0000000000000000
32886 0 1.0000000000000000
32907 0 1.0000000000000000
32928 0 1.0000000000000000
32949 0 1.0000000000000000
32970 0 1.0000000000000000
32991 0 1.0000000000000000
33012 0 1.0000000000000000
33033 0 1.0000000000000000
33054 0 1.0000000000000000
33075 0 1.0000000000000000
33096 0 1.0000000000000000
33117 0 1.0000000000000000
33138 0 1.0000000000000000
33159 0 1.0000000000000000
33180 0 1.0000000000000000
33201 0 1.0000000000000000
33222 0 1.0000000000000000
33243 0 1.0000000000000000
33264 0 1.0000000000000000
33285 0 1.0000000000000000
33306 0 1.0000000000000000
33327 0 1.0000000000000000
33348 0 1.0000000000000000
33369 0 1.0000000000000000
33390 0 1.0000000000000000
33411 0 1.0000000000000000
33432 0 1.0000000000000000
33453 0 1.0000000000000000
33474 0 1.0000000000000000
33495 0 1.0000000000000000
33516 0 1.0000000000000000
33537 0 1.0000000000000000
33558 0 1.0000000000000000
33579 0 1.0000000000000000
33600 0 1.0000000000000000
33621 0 1.0000000000000000
33642 0 1.0000000000000000
33663 0 1.0000000000000000
33684 0 1.0000000000000000
33705 0 1.0000000000000000
33726 0 1.0000000000000000
33747 0 1.0000000000000000
33768 0 1.0000000000000000
33789 0 1.0000000000000000
33810 0 1.0000000000000000
33831 0 1.0000000000000000
33852 0 1.0000000000000000
33873 0 1.0000000000000000
33894 0 1.0000000000000000
33915 0 1.0000000000000000
33936 0 1.0000000000000000
33957 0 1.0000000000000000
33978 0 1.0000000000000000
33999 0 1.0000000000000000
34020 0 1.0000000000000000
34041 0 1.0000000000000000
34062 0 1.0000000000000000
34083 0 1.0000000000000000
34104 0 1.0000000000000000
34125 0 1.0000000000000000
34146 0 1.0000000000000000
34167 0 1.0000000000000000
34188 0 1.0000000000000000
34209 0 1.0000000000000000
34230 0 1.0000000000000000
34251 0 1.0000000000000000
34272 0 1.0000000000000000
34293 0 1.0000000000000000
34314 0 1.0000000000000000
34335 0 1.0000000000000000
34356 0 1.0000000000000000
34377 0 1.0000000000000000
34398 0 1.0000000000000000
34419 0 1.0000000000000000
34440 0 1.0000000000000000
34461 0 1.0000000000000000
34482 0 1.0000000000000000
34503 0 1.0000000000000000
34524 0 1.0000000000000000
34545 0 1.0000000000000000
34566 0 1.0000000000000000
34587 0 1.0000000000000000
34608 0 1.0000000000000000
34629 0 1.0000000000000000
34650 0 1.0000000000000000
34671 0 1.0000000000000000
34692 0 1.0000000000000000
34713 0 1.0000000000000000
34734 0 1.0000000000000000
34755 0 1.0000000000000000
34776 0 1.0000000000000000
34797 0 1.0000000000000000
34818 0 1.0000000000000000
34839 0 1.0000000000000000
34860 0 1.0000000000000000
34881 0 1.0000000000000000
34902 0 1.0000000000000000
34923 0 1.0000000000000000
34944 0 1.0000000000000000
34965 0 1.0000000000000000
34986 0 1.0000000000000000
35007 0 1.0000000000000000
35028 0 1.0000000000000000
35049 0 1.0000000000000000
35070 0 1.0000000000000000
35091 0 1.0000000000000000
35112 0 1.0000000000000000
35133 0 1.0000000000000000
35154 0 1.0000000000000000
35175 0 1.0000000000000000
35196 0 1.0000000000000000
35217 0 1.0000000000000000
35238 0 1.0000000000000000
35259 0 1.0000000000000000
35280 0 1.0000000000000000
35301 0 1.0000000000000000
35322 0 1.0000000000000000
35343 0 1.0000000000000000
35364 0 1.0000000000000000
35385 0 1.0000000000000000
35406 0 1.0000000000000000
35427 0 1.0000000000000000
35448 0 1.0000000000000000
35469 0 1.0000000000000000
35490 0 1.0000000000000000
35511 0 1.0000000000000000
35532 0 1.0000000000000000
35553 0 1.0000000000000000
35574 0 1.0000000000000000
35595 0 1.0000000000000000
35616 0 1.0000000000000000
35637 0 1.0000000000000000
35658 0 1.0000000000000000
35679 0 1.0000000000000000
35700 0 1.0000000000000000
35721 0 1.0000000000000000
35742 0 1.0000000000000000
35763 0 1.0000000000000000
35784 0 1.0000000000000000
35805 0 1.0000000000000000
35826 0 1.0000000000000000
35847 0 1.0000000000000000
35868 0 1.0000000000000000
35889 0 1.0000000000000000
35910 0 1.0000000000000000
35931 0 1.0000000000000000
35952 0 1.0000000000000000
35973 0 1.0000000000000000
35994 0 1.0000000000000000
36015 0 1.0000000000000000
36036 0 1.0000000000000000
36057 0 1.0000000000000000
36078 0 1.0000000000000000
36099 0 1.0000000000000000
36120 0 1.0000000000000000
36141 0 1.0000000000000000
36162 0 1.0000000000000000
36183 0 1.0000000000000000
36204 0 1.0000000000000000
36225 0 1.0000000000000000
36246 0 1.0000000000000000
36267 0 1.0000000000000000
36288 0 1.0000000000000000
36309 0 1.0000000000000000
36330 0 1.0000000000000000
36351 0 1.0000000000000000
36372 0 1.0000000000000000
36393 0 1.0000000000000000
36414 0 1.0000000000000000
36435 0 1.0000000000000000
36456 0 1.0000000000000000
36477 0 1.0000000000000000
36498 0 1.0000000000000000
36519 0 1.0000000000000000
36540 0 1.0000000000000000
36561 0 1.0000000000000000
36582 0 1.0000000000000000
36603 0 1.0000000000000000
36624 0 1.0000000000000000
36645 0 1.0000000000000000
36666 0 1.0000000000000000
36687 0 1.0000000000000000
36708 0 1.0000000000000000
36729 0 1.0000000000000000
36750 0 1.0000000000000000
36771 0 1.0000000000000000
36792 0 1.0000000000000000
36813 0 1.0000000000000000
36834 0 1.0000000000000000
36855 0 1.0000000000000000
36876 0 1.0000000000000000
36897 0 1.0000000000000000
36918 0 1.0000000000000000
36939 0 1.0000000000000000
36960 0 1.0000000000000000
36981 0 1.0000000000000000
37002 0 1.0000000000000000
37023 0 1.0000000000000000
37044 0 1.0000000000000000
37065 0 1.0000000000000000
37086 0 1.0000000000000000
37107 0 1.0000000000000000
37128 0 1.0000000000000000
37149 0 1.0000000000000000
37170 0 1.0000000000000000
37191 0 1.0000000000000000
37212 0 1.0000000000000000
37233 0 1.0000000000000000
37254 0 1.0000000000000000
37275 0 1.0000000000000000
37296 0 1.0000000000000000
37317 0 1.0000000000000000
37338 0 1.0000000000000000
37359 0 1.0000000000000000
37380 0 1.0000000000000000
37401 0 1.0000000000000000
37422 0 1.0000000000000000
37443 0 1.0000000000000000
37464 0 1.0000000000000000
37485 0 1.0000000000000000
37506 0 1.0000000000000000
37527 0 1.0000000000000000
37548 0 1.0000000000000000
37569 0 1.0000000000000000
37590 0 1.0000000000000000
37611 0 1.0000000000000000
37632 0 1.0000000000000000
37653 0 1.0000000000000000
37674 0 1.0000000000000000
37695 0 1.0000000000000000
37716 0 1.0000000000000000
37737 0 1.0000000000000000
37758 0 1.0000000000000000
37779 0 1.0000000000000000
37800 0 1.0000000000000000
37821 0 1.0000000000000000
37842 0 1.0000000000000000
37863 0 1.0000000000000000
37884 0 1.0000000000000000
37905 0 1.0000000000000000
37926 0 1.0000000000000000
37947 0 1.0000000000000000
37968 0 1.0000000000000000
37989 0 1.0000000000000000
38010 0 1.0000000000000000
38031 0 1.0000000000000000
38052 0 1.0000000000000000
38073 0 1.0000000000000000
38094 0 1.0000000000000000
38115 0 1.0000000000000000
38136 0 1.0000000000000000
38157 0 1.0000000000000000
38178 0 1.0000000000000000
38199 0 1.0000000000000000
38220 0 1.0000000000000000
38241 0 1.0000000000000000
38262 0 1.0000000000000000
38283 0 1.0000000000000000
38304 0 1.0000000000000000
38325 0 1.0000000000000000
38346 0 1.0000000000000000
38367 0 1.0000000000000000
38388 0 1.0000000000000000
38409 0 1.0000000000000000
38430 0 1.0000000000000000
38451 0 1.0000000000000000
38472 0 1.0000000000000000
38493 0 1.0000000000000000
38514 0 1.0000000000000000
38535 0 1.0000000000000000
38556 0 1.0000000000000000
38577 0 1.0000000000000000
38598 0 1.0000000000000000
38619 0 1.0000000000000000
38640 0 1.0000000000000000
38661 0 1.0000000000000000
38682 0 1.0000000000000000
38703 0 1.0000000000000000
38724 0 1.0000000000000000
38745 0 1.0000000000000000
38766 0 1.0000000000000000
38787 0 1.0000000000000000
38808 0 1.0000000000000000
38829 0 1.0000000000000000
38850 0 1.0000000000000000
38871 0 1.0000000000000000
38892 0 1.0000000000000000
38913 0 1.0000000000000000
38934 0 1.0000000000000000
38955 0 1.0000000000000000
38976 0 1.0000000000000000
38997 0 1.0000000000000000
39018 0 1.0000000000000000
39039 0 1.0000000000000000
39060 0 1.0000000000000000
39081 0 1.0000000000000000
39102 0 1.0000000000000000
39123 0 1.0000000000000000
39144 0 1.0000000000000000
39165 0 1.0000000000000000
39186 0 1.0000000000000000
39207 0 1.0000000000000000
39228 0 1.0000000000000000
39249 0 1.0000000000000000
39270 0 1.0000000000000000
39291 0 1.0000000000000000
39312 0 1.0000000000000000
39333 0 1.0000000000000000
39354 0 1.0000000000000000
39375 0 1.0000000000000000
39396 0 1.0000000000000000
39417 0 1.0000000000000000
39438 0 1.0000000000000000
39459 0 1.0000000000000000
39480 0 1.0000000000000000
39501 0 1.0000000000000000
39522 0 1.0000000000000000
39543 0 1.0000000000000000
39564 0 1.0000000000000000
39585 0 1.0000000000000000
39606 0 1.0000000000000000
39627 0 1.0000000000000000
39648 0 1.0000000000000000
39669 0 1.0000000000000000
39690 0 1.0000000000000000
39711 0 1.0000000000000000
39732 0 1.0000000000000000
39753 0 1.0000000000000000
39774 0 1.0000000000000000
39795 0 1.0000000000000000
39816 0 1.0000000000000000
39837 0 1.0000000000000000
39858 0 1.0000000000000000
39879 0 1.0000000000000000
39900 0 1.0000000000000000
39921 0 1.0000000000000000
39942 0 1.0000000000000000
39963 0 1.0000000000000000
39984 0 1.0000000000000000
40005 0 1.0000000000000000
40026 0 1.0000000000000000
40047 0 1.0000000000000000
40068 0 1.0000000000000000
40089 0 1.0000000000000000
40110 0 1.0000000000000000
40131 0 1.0000000000000000
40152 0 1.0000000000000000
40173 0 1.0000000000000000
40194 0 1.0000000000000000
40215 0 1.0000000000000000
40236 0 1.0000000000000000
40257 0 1.0000000000000000
40278 0 1.0000000000000000
40299 0 1.0000000000000000
40320 0 1.0000000000000000
40341 0 1.0000000000000000
40362 0 1.0000000000000000
40383 0 1.0000000000000000
40404 0 1.0000000000000000
40425 0 1.0000000000000000
40446 0 1.0000000000000000
40467 0 1.0000000000000000
40488 0 1.0000000000000000
40509 0 1.0000000000000000
40530 0 1.0000000000000000
40551 0 1.0000000000000000
40572 0 1.0000000000000000
40593 0 1.0000000000000000
40614 0 1.0000000000000000
40635 0 1.0000000000000000
40656 0 1.0000000000000000
40677 0 1.0000000000000000
40698 0 1.0000000000000000
40719 0 1.0000000000000000
40740 0 1.0000000000000000
40761 0 1.0000000000000000
40782 0 1.0000000000000000
40803 0 1.0000000000000000
40824 0 1.0000000000000000
40845 0 1.0000000000000000
40866 0 1.0000000000000000
40887 0 1.0000000000000000
40908 0 1.0000000000000000
40929 0 1.0000000000000000
40950 0 1.0000000000000000
40971 0 1.0000000000000000
40992 0 1.0000000000000000
41013 0 1.0000000000000000
41034 0 1.0000000000000000
41055 0 1.0000000000000000
41076 0 1.0000000000000000
41097 0 1.0000000000000000
41118 0 1.0000000000000000
41139 0 1.0000000000000000
41160 0 1.0000000000000000
41181 0 1.0000000000000000
41202 0 1.0000000000000000
41223 0 1.0000000000000000
41244 0 1.0000000000000000
41265 0 1.0000000000000000
41286 0 1.0000000000000000
41307 0 1.0000000000000000
41328 0 1.0000000000000000
41349 0 1.0000000000000000
41370 0 1.0000000000000000
41391 0 1.0000000000000000
41412 0 1.0000000000000000
41433 0 1.0000000000000000
41454 0 1.0000000000000000
41475 0 1.0000000000000000
41496 0 1.0000000000000000
41517 0 1.0000000000000000
41538 0 1.0000000000000000
41559 0 1.0000000000000000
41580 0 1.0000000000000000
41601 0 1.0000000000000000
41622 0 1.0000000000000000
41643 0 1.0000000000000000
41664 0 1.0000000000000000
41685 0 1.0000000000000000
41706 0 1.0000000000000000
41727 0 1.0000000000000000
41748 0 1.0000000000000000
41769 0 1.0000000000000000
41790 0 1.0000000000000000
41811 0 1.0000000000000000
41832 0 1.0000000000000000
41853 0 1.0000000000000000
41874 0 1.0000000000000000
41895 0 1.0000000000000000
41916 0 1.0000000000000000
41937 0 1.0000000000000000
41958 0 1.0000000000000000
