0 0 0.0259310147314252
0 1 0.1002591039183610
0 2 -0.2456523426333911
0 3 -0.0042086396071200
0 4 0.8662669995610583
0 5 0.0246097540378317
0 6 -0.0344889332411271
0 7 0.2732855981951689
0 8 0.0099159368878321
0 9 -0.0293149175508133
0 10 -0.0058231168805245
0 11 0.5632936433618631
0 12 -0.0320481346769658
0 13 0.1238047393422108
0 14 0.0344794818168329
0 15 0.0913558466829216
0 16 -0.3426122953145789
0 17 0.0041970709773426
0 18 -0.0216143799471676
0 19 -0.0039280192011537
0 20 -0.0785960678007636
0 21 0.0136298282723123
0 22 -0.2223970851892637
0 23 -0.0158324717904041
0 24 0.0511042235468006
0 25 0.0181276689572826
0 26 -0.0115466687485721
0 27 -0.0072305720830769
0 28 -0.0109931322513893
1 0 0.0410669761461670
1 1 0.2411981907882570
1 2 0.0066722253842962
1 3 -0.0443539138330398
1 4 -0.5673454994815361
1 5 0.2841562123665677
1 6 -0.4619679198529155
1 7 0.1325710241090896
1 8 -0.0085021792333792
1 9 0.0641819803697344
1 10 0.0642366685574380
1 11 -0.1160792175318289
1 12 0.1666686366742490
1 13 -0.6417553549803768
1 14 0.0715263084057677
1 15 -0.1845314858808484
1 16 0.3136932214813737
1 17 -0.0167022545940597
1 18 0.0631397730516052
1 19 -0.1351445130133421
1 20 0.0805375916132833
1 21 0.0373949902193281
1 22 0.1118984083769766
1 23 -0.0511020655250955
1 24 0.1381330139236800
1 25 -0.0387362111527900
1 26 0.1031649546521241
1 27 0.0310607108294897
1 28 -0.0059224625281709
2 0 0.0370989506805852
2 2 0.0859909318462341
2 3 -0.0054559645168690
2 4 -0.2671148132735578
2 5 -0.1621193629193115
2 6 0.5562392161872551
2 7 0.1167163322072232
2 8 0.0330281012678731
2 9 -0.3686490431216112
2 10 0.0548808325343485
2 11 -0.1442237810390849
2 12 -0.0359206183505494
2 13 0.4403369892618032
2 14 -0.1289908087285408
2 15 0.0755935560862209
2 16 -0.0726953968814737
2 17 0.1252970933110660
2 18 -0.2235038479946087
2 19 0.1296246485119765
2 20 -0.1643094764474551
2 21 -0.1020249739406131
2 22 0.0223869758242781
2 23 0.0326544927192650
2 24 -0.1524659267980284
2 25 0.0567767131043292
2 26 -0.0688842724992105
2 27 0.0026127972724774
2 28 0.0088710989669506
3 0 0.0088572594001448
3 1 0.3484955541554472
3 2 -0.1959295665357293
3 3 -0.0059794610825383
3 4 0.0217917691425216
3 5 -0.0262882446760402
3 6 0.1524208571942700
3 7 -0.0311486733190422
3 8 0.0654903986364466
3 9 -0.1573320819762517
3 10 -0.0650065928155683
3 11 -0.0960733509024792
3 12 0.0145539207795067
3 13 -0.0544431098016705
3 14 -0.1764730865488247
3 15 -0.1225950067217438
3 16 -0.4149852102577324
3 17 0.1560887082997373
3 18 -0.5997023348805327
3 19 -0.0878786129589620
3 20 -0.3361916351822774
3 21 0.2286375855847180
3 22 -0.5188389881725585
3 23 -0.0319518986042135
3 24 0.0196713200561429
3 25 0.0768860675538701
3 26 -0.0318406697717190
3 27 0.1352215042028249
3 28 -0.0358863122178788
4 0 0.0010265724754242
4 2 0.0913393134310084
4 3 -0.0513669758251319
4 4 -0.2128786600953140
4 5 0.1523364188714951
4 6 -0.1390567135275193
4 7 0.0387274506281903
4 8 -0.0627019473822933
4 9 0.2021276880540466
4 10 -0.0378989289294923
4 11 -0.2096738429959898
4 12 0.0536225900306070
4 13 0.1972370451701968
4 14 -0.0335927687671023
4 15 0.0901728421965479
4 16 -0.2909372546359283
4 17 -0.0231478927428786
4 18 0.7957117820161750
4 19 -0.3302615957682546
4 20 0.1976810637825552
4 21 -0.2322046363003583
4 22 0.0375272370747953
4 23 -0.1489964451708587
4 24 0.4173154085117956
4 25 -0.2097962754821137
4 26 0.1870160306608781
4 27 0.0276600602042983
4 28 -0.0296335393108743
5 0 0.0101448197099152
5 2 0.0071219239052254
5 3 -0.0041461662241907
5 4 0.1226466992781943
5 5 -0.0710341021328904
5 6 0.0063210426139030
5 7 -0.1645236086673868
5 8 0.0957782789326029
5 9 -0.0085194966118934
5 10 0.0000538932163608
5 11 -0.1273515963173434
5 12 0.0713607367817643
5 13 -0.0544287405649619
5 14 0.0642501934804268
5 15 0.0497013898331726
5 16 -0.4427217886829730
5 17 0.2508465145923602
5 18 -0.1415142171483993
5 19 0.1593702577786104
5 20 0.2960309459378607
5 21 0.4284642266978677
5 22 0.0299455189754923
5 23 -0.0284690152357390
5 24 -0.1885016547010307
5 25 0.2549248145099221
5 26 0.1856485849442179
5 27 0.6570305090703589
5 28 -0.0464015448995124
6 0 0.0393430848893691
6 1 -0.6689754952942429
6 2 0.5035674641887847
6 3 -0.0194208863363588
6 4 0.6193131022706212
6 5 0.1258499243854937
6 6 -0.1542473832905206
6 7 0.8146735151561397
6 8 0.1204378289988459
6 9 -0.3886901358910899
6 10 -0.1130906812209677
6 11 -0.3418047058147919
6 12 0.1492887704529500
6 13 0.0037663111610829
6 14 -0.0528963551938776
6 15 -0.0537141519932902
6 16 0.1243634375674740
6 17 -0.0759010537279298
6 18 0.0889113604637763
6 19 0.1027768589706793
6 20 0.0755482705018937
6 21 -0.0294086537198514
6 22 0.3524378730892676
6 23 0.1502826896621678
6 24 -0.4611151833763047
6 25 -0.0506539514900039
6 26 -0.2487244616776783
6 27 0.1664205764595359
6 28 0.1538184145284859
7 0 0.0286224452689214
7 2 -0.1300478884834961
7 3 0.1245071973882350
7 4 0.4728464374790943
7 5 -0.3182812064999717
7 6 -0.3697157105247662
7 7 -0.3470992212003411
7 8 0.4085336818010309
7 9 -0.2239760784244181
7 10 0.2302281730211830
7 11 0.2730183629536334
7 12 -0.2897857434600133
7 13 -0.0319346112738163
7 14 -0.3735389696538043
7 15 0.1011712330937902
7 16 0.1685565266831909
7 17 -0.0321690821360074
7 18 -0.3255649949038333
7 19 -0.3009482991209557
7 20 -0.0169898175310940
7 21 0.0173342376293775
7 22 -0.2426096855280657
7 23 0.1726832033476662
7 24 0.0863888592731106
7 25 0.0662019062519030
7 26 -0.1020435630690741
7 27 -0.3571368364329667
7 28 -0.0496512088138112
8 0 0.0306934142144976
8 2 0.0461002098575224
8 3 -0.0251886287918982
8 4 -0.2401906618259912
8 5 0.1798949309166818
8 6 0.1474530289688950
8 7 0.0525442875514125
8 8 -0.0566430050175093
8 9 -0.0038139172575102
8 10 -0.2787759947023463
8 11 0.1586561209358843
8 12 -0.1469064028289805
8 13 -0.1855310448601345
8 14 -0.0733720034068497
8 15 0.0642251389546394
8 16 0.6384835962563290
8 17 -0.5269178094989737
8 18 -0.4503589887778793
8 19 -0.6150302801283140
8 20 0.1798888416434654
8 21 -0.1169997778173807
8 22 -0.3277454930043530
8 23 0.1177303957066787
8 24 0.2466478753454878
8 25 0.1675150606136164
8 26 0.0057379088263169
8 27 -0.1729986567331603
8 28 0.4717973283944515
9 0 0.0558569849310697
9 2 -0.1513935952541429
9 3 0.1139691542855869
9 4 0.2001137218354917
9 5 -0.0130973952325123
9 6 -0.1818128425863858
9 7 0.4636093766462053
9 8 -0.1599783191919338
9 9 -0.6710691465611617
9 10 -0.5788533195285409
9 11 0.0385683010088880
9 12 -0.0804267103080300
9 13 0.0328900074820093
9 14 0.1092224892912990
9 15 0.0130924997199895
9 16 -0.1019294758321944
9 17 0.0970537265811310
9 18 0.0657470220237054
9 19 0.0650379734491766
9 20 -0.0397781809633579
9 21 0.0136817358986575
9 22 0.7793969321814089
9 23 -0.4864303637349230
9 24 -0.8406967731691407
9 25 -1.2802856416826252
9 26 0.2390242628271632
9 27 -0.0370870732673607
9 28 -0.5163591015853158
10 0 0.0096665044555293
10 1 -0.1746655233885975
10 2 0.0447743451006748
10 3 0.0934729460049429
10 4 0.1487675977565194
10 5 -0.3132300378405035
10 6 -0.0459411894789623
10 7 0.7736602031434257
10 8 -0.1630202627342268
10 9 0.2059216637078984
10 10 0.0637939068358494
10 11 0.3837981962462169
10 12 -0.1943657834865243
10 13 0.0260054104710628
10 14 0.2865081174222488
10 15 0.0951506566611258
10 16 0.2020936386889322
10 17 0.1486918675409920
10 18 -0.0781600573120423
10 19 -0.1570884687863100
10 20 -0.0490824076815390
10 21 0.0228184225283799
10 22 0.2368338211616964
10 23 0.1260915013870945
10 24 -0.1088974631729721
10 25 -0.0719663657059745
10 26 -0.0212094307938497
10 27 0.0655154707213874
10 28 0.0428599927647234
11 0 -0.0583668883464658
11 2 -0.1709355747810501
11 3 0.0294914404704542
11 4 0.1210458091399440
11 5 0.2355871944444079
11 6 -0.0819374028101189
11 7 0.0386533040038533
11 8 0.1499970352300537
11 9 -0.7425236634894682
11 10 0.2998390308658826
11 11 0.0906664891635421
11 12 0.1323574060065191
11 13 -0.4082395159474687
11 14 -0.2173758575777308
11 15 -0.1813432157893521
11 16 0.0059513274299039
11 17 -0.1427527549248106
11 18 -0.1481203448876268
11 19 0.0353835385554554
11 20 -0.1333323783052714
11 21 -0.0874201364755934
11 22 -0.0570148082135490
11 23 0.0233946704838145
11 24 -0.1043271755010745
11 25 0.1547257465937361
11 26 -0.0520502808266303
11 27 -0.1180437774952880
11 28 -0.0010734771314604
12 0 0.0973250467509118
12 2 -0.1858804802882771
12 3 0.1079734882991602
12 4 -0.0661967334841632
12 5 0.0270637053454960
12 6 0.0352779057593583
12 7 0.2005077289050930
12 8 -0.1004065311479775
12 9 0.1428516585099870
12 10 -0.2474224606922010
12 11 0.0694297515414226
12 12 0.0413345373964354
12 13 0.0738206823480269
12 14 -0.3832058241384567
12 15 -0.1149225637328283
12 16 0.1117164325644777
12 17 0.1303118707121140
12 18 -0.0610734555374981
12 19 -0.8714623832911159
12 20 -0.4252094538045169
12 21 -0.1397508093990986
12 22 -0.0764277351223490
12 23 0.3313376045587720
12 24 0.1051007293731809
12 25 -0.2616473694969503
12 26 -0.0540096495509426
12 27 -0.0862425126562709
12 28 0.1176994537945176
13 0 0.1752620139495794
13 2 0.3240223775230922
13 3 -0.2513559822558151
13 4 0.0805791914548922
13 5 -0.3471822305571002
13 6 -0.0706247166145583
13 7 -0.1873770787799612
13 8 -0.1570670661643738
13 9 -0.0349947210565474
13 10 -0.0223112784006948
13 11 -0.0395187250647133
13 12 0.2164223249006165
13 13 -0.0350961591282686
13 14 -0.2645993949289579
13 15 -0.0324672044544142
13 16 0.0679184736209542
13 17 -0.0706917923530246
13 18 -0.1120847336710480
13 19 -0.0919103549407321
13 20 0.0713406900368567
13 21 0.0103637480822043
13 22 0.2702324801803233
13 23 -0.3569634777346413
13 24 -0.3190721407047887
13 25 -0.7141424114011460
13 26 -0.2729208776947289
13 27 -0.2148221813632721
13 28 -0.2968007744883619
14 0 0.5244514327157337
14 2 0.1299634311822705
14 3 -0.0632802618449906
14 4 0.0161115089783479
14 5 -0.1168283547132393
14 6 -0.0135106397624712
14 7 -0.1007919276388196
14 8 -0.5023090867498953
14 9 0.0161661432042886
14 10 0.4276218880363885
14 11 -0.0172212078578974
14 12 -0.2952340922970818
14 13 -0.0231983418734989
14 14 0.3085321190609374
14 15 0.0402320098120211
14 16 0.0320269470428701
14 17 -0.1675735844049604
14 18 -0.0456976791856721
14 19 -0.0180119710351341
14 20 -0.0546825241311464
14 21 -0.0374523524033552
14 22 0.0466498140175348
14 23 -0.2151842958095035
14 24 -0.0629796036389258
14 25 -0.0486490462658445
14 26 -0.0834789683316925
14 27 -0.1019828497283345
14 28 -0.0690863202117267
15 0 0.0473658965395572
15 1 0.4475793678964959
15 2 -0.2397244635486577
15 3 0.1406914481394834
15 4 -0.2989690688045228
15 5 -0.4728962333196112
15 6 -0.0965549868788446
15 7 0.3702392549995280
15 8 -0.1126423545762953
15 9 -0.1736023935785995
15 10 -0.0493962400467404
15 11 -0.1741886060834301
15 12 -0.3216116702303503
15 13 -0.2153613209418311
15 14 -0.0460923529349359
15 15 -0.1100724343644047
15 16 0.1395440438487431
15 17 0.2026743561723967
15 18 0.0624066692638059
15 19 0.0363655664361114
15 20 0.0893518004829652
15 21 -0.0125098296165949
15 22 -0.5098375089276109
15 23 0.1188669620305569
15 24 0.0190427824548350
15 25 0.0588023313202177
15 26 -0.0812062479189382
15 27 0.0312486897423947
15 28 -0.0211948804681438
16 0 0.0975166186556322
16 2 -0.0856151896969744
16 3 -0.0350576021588895
16 4 -0.3925159394776384
16 5 0.4961418727244161
16 6 0.2980643488925531
16 7 0.1023032919872370
16 8 -0.0552709837360391
16 9 -0.3149247593618797
16 10 0.1111289474166713
16 11 -0.2333151177143114
16 12 0.1272203105284491
16 13 0.4123358205951164
16 14 -0.2417044182007676
16 15 0.1229051103303900
16 16 -0.0890987233543652
16 17 -0.1993757699208027
16 18 -0.1367063792681607
16 19 -0.0992278009395313
16 20 -0.0806819536343451
16 21 -0.0243602824542147
16 22 0.0227378345659502
16 23 -0.2241147684157043
16 24 0.3941957750000326
16 25 -0.1785602927633703
16 26 0.1944177584832210
16 27 0.1162500201717414
16 28 -0.0373839439754209
17 0 -0.0496163369072120
17 2 -0.2802594493469371
17 3 0.1641924992136733
17 4 0.0506643340199310
17 5 -0.0303513210960007
17 6 -0.0700407975683180
17 7 -0.2228759155028166
17 8 0.1116614078602092
17 9 0.1842010300909984
17 10 -0.1317182291724312
17 11 -0.1793332932146571
17 12 0.1944020891445446
17 13 0.0311507764561962
17 14 0.0055133755370480
17 15 0.0858470351202748
17 16 -0.3929727819358921
17 17 0.4442421377601069
17 18 0.3395127612059319
17 19 -0.3353954127935638
17 20 0.2298879786259699
17 21 -0.1486694127562445
17 22 0.0176054592506961
17 23 0.4307393134651202
17 24 -0.0545254171537881
17 25 0.3145884277355450
17 26 0.2249051886857859
17 27 0.4803455146654642
17 28 -0.0173155336551902
18 0 -0.0551705309413080
18 2 0.6220273830776669
18 3 -0.4445907851491021
18 4 0.0218815384253479
18 5 -0.5908573401574032
18 6 -0.0490211140166246
18 7 -0.0783078256925810
18 8 -0.6376102567345484
18 9 -0.2253670241462963
18 10 -0.3694678178805743
18 11 0.1039922805180885
18 12 0.0647525266613618
18 13 -0.0106034741225747
18 14 -0.0051690314705822
18 15 0.0511183997656960
18 16 0.0307818491927808
18 17 -0.0561966779554589
18 18 -0.0617050162031615
18 19 -0.0309397342701738
18 20 -0.0541078014627356
18 21 0.0191174451733869
18 22 -0.3503175651100094
18 23 -0.3075333837656988
18 24 0.2395738796439827
18 25 -0.1820395430388825
18 26 0.1413148137474981
18 27 -0.1762492393974092
18 28 0.4240498721533575
19 0 -0.4626068701468608
19 2 -0.0917808224596149
19 3 0.0294735842822538
19 4 0.0012380849133248
19 5 0.0184695283212635
19 6 -0.0079812757377685
19 7 0.2194505544188483
19 8 -0.9123864867002953
19 9 -0.2954397287235497
19 10 0.0048192731435425
19 11 0.0631198594061852
19 12 -0.2402505922148923
19 13 -0.1012065071282513
19 14 -0.2902288442677148
19 15 -0.0910180670127650
19 16 -0.0625849516910682
19 17 -0.2232546811533236
19 18 -0.0070627035257260
19 19 -0.0113694114651064
19 20 0.0147767498569797
19 21 -0.0148643831218731
19 22 -0.0797211696526099
19 23 0.0991411039825617
19 24 0.0362201948907178
19 25 -0.3655242135697587
19 26 -0.0508332631479478
19 27 0.0403737509192068
19 28 0.0928879178070557
20 0 0.2591906196363394
20 2 -0.5207829417149274
20 3 0.2199249019082809
20 4 -0.1102809366805428
20 5 0.3594268464582148
20 6 0.0662502609082178
20 7 -0.1334322269598783
20 8 -0.4028457198374235
20 9 -0.0170806207431921
20 10 -0.1176521612829126
20 11 -0.1156600102664260
20 12 0.3234992569799716
20 13 0.1276429023302446
20 14 -0.0316107336832701
20 15 0.0609980892090953
20 16 0.0165015024330935
20 17 -0.1881499397540508
20 18 -0.0482800810738048
20 19 -0.0318713453967984
20 20 -0.0489410948516816
20 21 0.0057409051685313
20 22 -0.0174175603458836
20 23 0.6235021933638645
20 24 0.1409386193833794
20 25 0.1425081386775927
20 26 0.1460251204435349
20 27 -0.0255828009261497
20 28 0.0206070005056699
27 0 1.0000000000000000
28 0 0.0988509372126458
28 29 2.3733858984441305
28 30 -1.2431656047072668
28 31 0.0444633720858993
28 32 -1.1833518691964136
28 33 -0.2661811038574385
28 34 -0.5537054839231408
28 35 0.7079070148146276
28 36 0.2601430146109253
28 37 0.9081208245093243
28 38 -0.3666165982438624
28 39 1.6778448687613974
28 40 -0.3218963049825611
28 41 -0.1321813981478504
28 42 0.0289615239508575
28 43 0.2673518292253390
28 44 -1.4721430754877127
28 45 0.1932630961940964
28 46 -0.1010916231664436
28 47 0.1424647878453417
28 48 -0.4248668794765215
28 49 0.1501634751039746
28 50 0.8887878763004810
28 51 0.0954000156338875
28 52 0.5773076448011432
28 53 -0.4852875284279191
28 54 0.1511857681385098
28 55 -0.0089990578593486
28 56 -0.1443301140723019
29 0 0.1172680648744160
29 29 0.9635377676207452
29 30 -1.6124814096109965
29 31 0.4773949914848595
29 32 -2.3574309170327239
29 33 1.3509139562227628
29 34 0.9230305831013518
29 35 0.6358483360994640
29 36 -0.2211142027708294
29 37 0.0805704526148648
29 38 -0.5643810325197672
29 39 0.8257088118776805
29 40 -0.7643760884737975
29 41 -1.1845534153670745
29 42 0.2595184781537850
29 43 0.2193396021969108
29 44 -0.8906889526053369
29 45 0.6517502788277044
29 46 0.8787750079411564
29 47 0.0786762628377140
29 48 -0.4262757669230601
29 49 0.1644276136883610
29 50 0.4918605569488653
29 51 -0.3314645425313538
29 52 -0.2785123981068868
29 53 -0.6565219424527141
29 54 0.2487446271875619
29 55 -0.0343465737523454
29 56 -0.1813296924543288
30 0 0.0695582633162480
30 30 -0.7574070248151862
30 31 0.5050132980258966
30 32 -1.2698314868690632
30 33 1.6933011287895736
30 34 1.4194025782957644
30 35 -0.3100376120799556
30 36 -0.7986880677557502
30 37 -1.3390657984062073
30 38 -0.4115556089382205
30 39 0.2772875352691105
30 40 -0.3817666272432044
30 41 -0.6400292649937610
30 42 0.2874906118704825
30 43 0.0720782419016633
30 44 -0.1471255636357851
30 45 0.5583179544753371
30 46 0.9360368670138539
30 47 -0.0069133399336412
30 48 -0.2067307866690622
30 49 0.0893972052928245
30 50 -0.1398984383164683
30 51 -0.5214944038149048
30 52 -0.8743230244308199
30 53 -0.4373585245786754
30 54 0.1887041451940773
30 55 -0.0344134056666287
30 56 -0.1135530969740858
31 0 -0.1080947773140581
31 29 -1.5374734054279533
31 30 1.9540816524679225
31 31 -0.4571432730771313
31 32 0.6333582181860538
31 33 -0.2486236238195297
31 34 0.7345907797561083
31 35 -1.4062237311152341
31 36 1.0056075665357518
31 37 0.6158156615984043
31 38 -0.8726820092521902
31 39 -1.1196270716699486
31 40 0.8197274169693918
31 41 0.3012110373598221
31 42 -0.8650745186837610
31 43 -0.2509405573837395
31 44 0.6766708875280657
31 45 -0.6489431052108697
31 46 -0.0418922271996919
31 47 0.8352971257305538
31 48 0.3635118915539849
31 49 -0.1222293957364281
31 50 0.2755834994684964
31 51 0.2262791644596460
31 52 -0.5162790085795659
31 53 -0.6740766698410802
31 54 -0.0471281936770500
31 55 -0.0240440081771309
31 56 0.0876530754256639
32 0 -0.0906752330995503
32 30 1.3482538327854539
32 31 -0.9043771811966116
32 32 1.2135188066200135
32 33 -2.1857675030129018
32 34 -1.1225891596079385
32 35 -0.5838453966593687
32 36 1.1519181865587249
32 37 0.6023234484644900
32 38 -1.1945434462055615
32 39 -0.4935971940601339
32 40 0.6994658167411353
32 41 0.8461324467285010
32 42 -0.4244450658456895
32 43 -0.1348615169033294
32 44 0.2618969702863129
32 45 -0.6489258684424408
32 46 -0.4229578124130048
32 47 0.6449536255708255
32 48 0.2448138510896376
32 49 -0.0919286342100011
32 50 0.2490320256890967
32 51 0.2733519586218746
32 52 -0.3640001320844546
32 53 -0.6003163609299692
32 54 -0.0931887766076603
32 55 -0.0018662545960534
32 56 0.0813444106624917
33 0 0.0591015179625481
33 30 -1.1140204195553505
33 31 0.7498398712627188
33 32 0.4947129207320728
33 33 0.7304090426901897
33 34 -0.4722321655912448
33 35 2.1068942638972166
33 36 -1.5609099136868927
33 37 -1.9477501960163595
33 38 0.2700201041499183
33 39 0.4078440868083297
33 40 -0.5874390310016455
33 41 -0.2503488528162445
33 42 0.6440837130857534
33 43 0.1145610254338666
33 44 -0.2163973619981250
33 45 0.3715455869363581
33 46 0.1062508828842111
33 47 -0.4549485189674233
33 48 -0.1434833078917148
33 49 0.0438788959871388
33 50 -0.2057674563904117
33 51 0.0867597611047336
33 52 0.2193940385061449
33 53 0.0714840468525522
33 54 -0.0388564529471540
33 55 0.0316728376851861
33 56 -0.0095569234474374
34 0 0.0966764457247487
34 29 0.7912668257432957
34 30 -1.1086004228861288
34 31 0.3850483875939238
34 32 -0.1503339968053367
34 33 0.3810747642388297
34 34 -0.4840006299725749
34 35 -0.1155482660294804
34 36 -0.2173930793323693
34 37 0.7624106690426431
34 38 -0.2915306827393527
34 39 -1.2171629607755698
34 40 0.3800057257240577
34 41 1.4125564844771936
34 42 -1.0900031445255329
34 43 -0.7180950349989275
34 44 -0.6005082721387135
34 45 0.5037597861446301
34 46 -0.0589362983115143
34 47 0.1111332073167931
34 48 0.6428899298848667
34 49 0.1183868195488811
34 50 0.1597366726848193
34 51 -0.2907589242202648
34 52 0.4882933175568376
34 53 -0.3960798958343932
34 54 -0.8474547501638622
34 55 -0.0129600465371710
34 56 -0.1193650740876548
35 0 0.0810969731299640
35 30 -0.8813384385017785
35 31 0.4661598343682961
35 32 -0.5412978409114685
35 33 1.0535707846413065
35 34 0.4561463680463059
35 35 -0.3607677984951922
35 36 -0.6253187364356011
35 37 0.2415038529671672
35 38 -0.3340781820828814
35 39 -0.8130817646303830
35 40 0.3120287797053114
35 41 0.7244027051927102
35 42 -1.3212344141254193
35 43 -0.1946998127791098
35 44 -0.1711991178720541
35 45 0.5529748504322203
35 46 0.3804621348054287
35 47 0.0307551225731404
35 48 0.4674734137629598
35 49 0.0898253578368861
35 50 -0.1627894475955768
35 51 -0.4938439113580830
35 52 -0.0467648977905659
35 53 -0.3881422300095732
35 54 -0.7602589467248866
35 55 -0.0272411742530094
35 56 -0.1071203031675756
36 0 -0.0747531671194149
36 30 1.1099303896970918
36 31 -0.6325382766860302
36 32 -0.4928966249249743
36 33 -0.7628996893021578
36 34 0.4635279924827245
36 35 -0.4783417970876426
36 36 0.4076652184036225
36 37 0.2926578097792888
36 38 -0.3640711409922532
36 39 1.4059031126314088
36 40 -0.6430332261032810
36 41 -1.5010617706437677
36 42 -0.0760237527598991
36 43 0.3826696214866218
36 44 0.2156028777532365
36 45 -0.4446810358744310
36 46 -0.0598469399425600
36 47 0.3387016739227763
36 48 -0.1825983421681617
36 49 -0.0625114876502859
36 50 0.2050119989268666
36 51 0.1201240766975413
36 52 -0.2980248188538218
36 53 -0.3170251515614805
36 54 0.0611819423410728
36 55 -0.0134118593139370
36 56 0.0437678887343561
37 0 0.0472748940046197
37 30 -0.5127721876397009
37 31 0.2002594769165647
37 32 0.2277112898151926
37 33 0.3806866333080799
37 34 -0.2085472647335453
37 35 -0.2098985874016946
37 36 -0.1862260844779831
37 37 0.3113358235279049
37 38 -0.1097853971914472
37 39 -1.1312845299048677
37 40 0.2554915980501027
37 41 1.1188186921640155
37 42 -0.6679770536049492
37 43 -0.4110690797138326
37 44 -0.0996054890587449
37 45 0.2652476296664560
37 46 -0.0092933471435475
37 47 0.0405555663268631
37 48 0.4631774332481331
37 49 0.0439677628588156
37 50 -0.0947126523950809
37 51 -0.2213346482711073
37 52 0.2014579250136117
37 53 -0.1552810779232597
37 54 -0.6043329311394687
37 55 -0.0083712077248067
37 56 -0.0477142695357232
38 0 -0.0512954055210376
38 29 -0.3142629340740597
38 30 0.7778618863985119
38 31 -0.2117825751824876
38 32 0.7255513059648575
38 33 -0.1689247644774340
38 34 0.4376887694194437
38 35 0.2326795031471034
38 36 0.0550776013679497
38 37 -0.5124077201747379
38 38 0.1004339642003452
38 39 -0.5023987310078584
38 40 0.3594092826361748
38 41 0.1952477264499189
38 42 0.0628075652879673
38 43 -0.1365094701916557
38 44 -2.0489144565829895
38 45 0.6820573417978436
38 46 1.4099594773745909
38 47 -1.1093621201090629
38 48 -0.8189184372519731
38 49 0.9579399960003516
38 50 -0.5604209618154320
38 51 0.1484308568477291
38 52 -0.4704827346641395
38 53 0.3111896849882209
38 54 -0.1689137768326400
38 55 -0.8704664415364135
38 56 0.1199690299888241
39 0 -0.0430291172999265
39 30 0.4089462544917551
39 31 -0.3550196433958221
39 32 0.1888234510531099
39 33 -1.0812273401744190
39 34 -0.8148746312717217
39 35 0.1673983948625286
39 36 0.1765383560802245
39 37 -0.4543868341365384
39 38 0.1317514135129572
39 39 -0.1497156683927281
39 40 0.3447134655075094
39 41 0.5300876395899234
39 42 -0.0299321637182176
39 43 -0.0786166895464242
39 44 -1.0563033207100783
39 45 0.6518246314175912
39 46 1.3514586672848083
39 47 -1.4600390087854520
39 48 -0.2401540720500157
39 49 0.6830172548586304
39 50 0.0755352676755612
39 51 0.4993483787927304
39 52 0.3929271507522201
39 53 0.2906963128537675
39 54 -0.1671548621425490
39 55 -0.8188643143689326
39 56 0.1043452801961487
40 0 0.0396631670995603
40 30 -0.5348248794790490
40 31 0.4348748130893666
40 32 0.2375044241225537
40 33 0.6756623764677863
40 34 -0.3858073176868316
40 35 0.1515021842297011
40 36 -0.3015489557911628
40 37 -0.7964464033491095
40 38 -0.0006326146972306
40 39 0.1957999698610283
40 40 -0.4060195952218347
40 41 -0.2084579517318979
40 42 0.2464302949688113
40 43 0.0903579414099089
40 44 1.7083606324774816
40 45 -1.1571216035925413
40 46 -1.5514647160770032
40 47 0.4365781239066416
40 48 0.4690819699594959
40 49 -0.3717010693026347
40 50 -0.0987859406640298
40 51 -0.2824925682917386
40 52 0.3215893876596445
40 53 0.6355340541846770
40 54 0.0872398847190170
40 55 0.0096702683892302
40 56 -0.0670148723546684
41 0 -0.0354734439225640
41 30 0.3363889439768617
41 31 -0.2390402811740064
41 32 -0.1493832196030967
41 33 -0.5279172848782919
41 34 0.2815770936954163
41 35 0.1376977259302983
41 36 0.0117498435073912
41 37 -0.3082212470328320
41 38 0.0448632576938058
41 39 0.2472754804507279
41 40 -0.1373700627967480
41 41 -1.0330373577965262
41 42 0.0634932503782569
41 43 0.2542224053625921
41 44 -0.8673383933168766
41 45 0.3201692059759619
41 46 0.7299765033160713
41 47 -0.4655783684244494
41 48 -0.0770572976680772
41 49 0.4121600314289556
41 50 0.0621334188718041
41 51 0.3617302024044351
41 52 -0.2973611192791997
41 53 0.1863880019157033
41 54 0.6824966273565266
41 55 -0.3905892004140768
41 56 0.0749693953301723
42 0 0.0133090221588263
42 30 -0.1080568881256071
42 31 0.1229896822845199
42 32 0.0479857799654828
42 33 0.2889583921918731
42 34 -0.1525746218463587
42 35 -0.0442320951161350
42 36 0.0436104556873067
42 37 0.1436300152789147
42 38 -0.0027565999838204
42 39 0.0395597442267066
42 40 -0.1401957894832706
42 41 -0.0835207675433010
42 42 -0.0364911977262387
42 43 0.0348415230922019
42 44 0.5028741298107219
42 45 -0.6378541952851163
42 46 -1.5698475450056599
42 47 0.0045336703682747
42 48 0.4668717008171113
42 49 0.3047579841215883
42 50 -0.0199588720500690
42 51 -0.2091187832334264
42 52 0.1664142282509498
42 53 -0.0961437380784864
42 54 0.0672969435601334
42 55 1.0668197676710998
42 56 -0.0428217220415645
43 0 -0.0487756644587472
43 29 -0.5528792586960534
43 30 0.3218409700602871
43 31 -0.1848677941455098
43 32 0.1424904388666383
43 33 -0.2682048028705106
43 34 0.2771054755516998
43 35 -0.2490559274311064
43 36 0.1891784241315128
43 37 -0.5176994991355071
43 38 0.2417544821676525
43 39 -0.3874288843125789
43 40 0.2321543019697768
43 41 0.1156989751128771
43 42 -0.1122887382758382
43 43 -0.0929503445927183
43 44 -0.1481418510666446
43 45 -0.2046471711594453
43 46 -0.1232245200987108
43 47 0.1165779718631368
43 48 0.0476588321719340
43 49 0.0008805365366048
43 50 -1.6181305109124364
43 51 1.1199699414745421
43 52 1.4324613302724234
43 53 -0.9984407397074773
43 54 -0.8887192194797657
43 55 0.9822644067810454
43 56 -0.9742996579392119
44 0 -0.0409154341613797
44 30 0.5300697154551250
44 31 -0.0998941202894241
44 32 0.4162967895850533
44 33 -0.3668990646529988
44 34 -0.3343776652204376
44 35 0.2169791716094912
44 36 0.5648749262655367
44 37 0.1779624475643835
44 38 0.2479646145584400
44 39 -0.1940590991418585
44 40 0.1563206372249159
44 41 0.2662931016393825
44 42 -0.1727531964537824
44 43 -0.0438403456966285
44 44 0.1029655166871801
44 45 0.0090293856861734
44 46 0.2347869358388655
44 47 0.1293084623261896
44 48 0.0128515654577140
44 49 0.0055232218244535
44 50 -1.0378330969811693
44 51 0.7969551991234718
44 52 0.8885353957638313
44 53 -1.3719396265071557
44 54 -0.2943889415369725
44 55 0.7066489091415890
44 56 -0.9111231585708333
45 0 0.0377148267017003
45 30 -0.6387186270327432
45 31 0.1944196201846026
45 32 0.2836414413583809
45 33 0.4975954991944280
45 34 -0.2593123659163250
45 35 0.3902359397862853
45 36 -0.1486443368762164
45 37 -0.1766305069615700
45 38 0.5218925255554271
45 39 0.2338355837980188
45 40 -0.2280277071486454
45 41 -0.1441245789662578
45 42 0.1882578221302918
45 43 0.0574231286329979
45 44 -0.1240704600406856
45 45 -0.0411360382113568
45 46 0.1484670808419452
45 47 0.2506697269048528
45 48 -0.0015819933210750
45 49 -0.0153266074313312
45 50 1.6942739838775074
45 51 -1.0873305815136363
45 52 -1.6649266589122436
45 53 -0.0495698672055375
45 54 0.4447238037580051
45 55 -0.3632845868182244
45 56 0.1020080005652372
46 0 -0.0337309117724695
46 30 0.4362805738112821
46 31 -0.0313482863776464
46 32 -0.1937429809545070
46 33 -0.3724116862156090
46 34 0.1715622292970901
46 35 0.1785874475277388
46 36 0.3384686967585595
46 37 -0.3141470568606320
46 38 0.1438017695673670
46 39 0.4919667534621909
46 40 0.2320699019167730
46 41 -0.4735334548389429
46 42 0.5770018635965609
46 43 0.0881490900280051
46 44 0.0847470689105254
46 45 0.0481886684708898
46 46 -0.0991484940563436
46 47 0.0904580561164884
46 48 0.3502793555822854
46 49 0.0105434558480524
46 50 -0.8520975022472624
46 51 0.3494835456561619
46 52 0.7868164314569729
46 53 -0.4266173933888276
46 54 -0.5740755298462140
46 55 0.4199849719802230
46 56 -0.4715239995591465
47 0 0.0178972322057578
47 30 -0.2070777574337976
47 31 0.0614209676100243
47 32 0.0919588549728838
47 33 0.3198251389332796
47 34 -0.1541401694581383
47 35 -0.0847653788863560
47 36 -0.1150145804459240
47 37 0.2043231869724484
47 38 -0.0573718541712268
47 39 0.0758113921400233
47 40 -0.1135275540828532
47 41 -0.0866445099822478
47 42 0.0140446079786212
47 43 0.0333303083194189
47 44 0.6114648968034503
47 45 -0.0006077807595726
47 46 -0.4440173131469585
47 47 0.5829577362807925
47 48 0.1558142931612376
47 49 0.3248649453334890
47 50 0.3321791111079027
47 51 -0.5124921090419746
47 52 -1.0682999261367052
47 53 -0.0446445330343690
47 54 0.3468538324875359
47 55 -0.0768844238320214
47 56 0.7758717763215728
48 0 0.0120336008462646
48 30 -0.1807649893686403
48 31 -0.0286079187981051
48 32 0.0802739108609480
48 33 0.1688159202907508
48 34 -0.0693259275886331
48 35 -0.0739944888485646
48 36 -0.1940964136151895
48 37 0.1448966893167370
48 38 -0.0746580447775611
48 39 0.0661782591430386
48 40 -0.0259048953476481
48 41 -0.0409978531108531
48 42 0.0518806047380412
48 43 0.0133181298820756
48 44 -0.0351134199646053
48 45 -0.1019004257307816
48 46 0.0731086046454431
48 47 -0.0748655767879711
48 48 0.0282049650971625
48 49 -0.0187146032997416
48 50 0.8882396212671442
48 51 0.2127342590700880
48 52 -0.7991442515321274
48 53 0.9257435603365454
48 54 0.1523366435585227
48 55 0.4874274700488798
48 56 -0.3545843693636646
49 0 0.2969441370069165
49 29 2.7538183828592726
49 30 -0.2895329106177984
49 31 -0.5175722324358744
49 32 -2.7802648780539911
49 33 -0.9594470360630621
49 34 -0.4893802217799945
49 35 1.5749665805852540
49 36 0.7330102167609176
49 37 0.6956942790256255
49 38 -0.2254623046765015
49 39 1.1941192706478359
49 40 0.3878656179301155
49 41 -0.3643485781961225
49 42 0.1656054677655851
49 43 0.0322335997814490
49 44 -0.6204211900069295
49 45 -0.4943478349142860
49 46 0.3251064910896266
49 47 -0.2093466348162766
49 48 0.0744406684496668
49 49 -0.0485718941998686
49 50 0.3163516108516689
49 51 0.6278178455980002
49 52 0.0727308616588616
49 53 0.0188497986697561
49 54 -0.1241101907575881
49 55 0.0110367213706298
49 56 0.0544117587015008
50 0 0.2490913946972458
50 30 -0.8561497050215433
50 31 0.3050993938764961
50 32 -2.8657813530539218
50 33 2.4170719341812630
50 34 3.1946506508640136
50 35 -0.3504570216953123
50 36 -0.0030163769625328
50 37 -1.7235954155334674
50 38 -0.0523571520805924
50 39 0.3134373378497873
50 40 -0.4678494804563418
50 41 -1.3173867921666251
50 42 -0.0989611278079840
50 43 0.1303877298443215
50 44 -0.1663062313670004
50 45 -0.0759055052639022
50 46 0.8274169070478137
50 47 -0.0801765258339065
50 48 -0.0196960613098050
50 49 -0.0262567861206150
50 50 -0.1581369102390419
50 51 0.3612876779567294
50 52 -0.4739892164749359
50 53 0.1011966485303517
50 54 -0.1774203879700479
50 55 0.0342660651151163
50 56 0.0563234053681658
51 0 -0.2296062348217463
51 30 0.3346336945441155
51 31 0.0286515101826346
51 32 -0.1486037504315768
51 33 -0.5576818522479068
51 34 0.2420044718379597
51 35 -3.1090001095110567
51 36 2.4177764737950840
51 37 3.0366397959301454
51 38 -1.8403690671857358
51 39 -0.1225097594002059
51 40 0.1770961698413520
51 41 0.1162070704136808
51 42 -1.3451219126427678
51 43 -0.0686752624091664
51 44 0.0650022633911290
51 45 -0.0293898487471627
51 46 -0.0903346700866606
51 47 0.7246219789905102
51 48 0.0492355022874250
51 49 -0.0067900471689187
51 50 0.0618092118781378
51 51 0.1788895380175348
51 52 -0.1777485957594674
51 53 -0.2945759030455203
51 54 -0.0289058243139512
51 55 0.0272646176948733
51 56 0.0320646687200828
52 0 0.2053523329283144
52 30 -0.7079700699004537
52 31 0.4059686645165125
52 32 0.3143945433344379
52 33 0.7186703165235163
52 34 -0.3992057678059410
52 35 -0.2898010484515578
52 36 -0.3877006622201595
52 37 0.6139444125375293
52 38 -0.2267257781204277
52 39 -2.9867907278755590
52 40 1.2152360558915338
52 41 3.3934190708097045
52 42 -2.0642024440163516
52 43 -1.0403626694779740
52 44 -0.1375224841580873
52 45 0.0607982610009188
52 46 0.1826410133048296
52 47 -0.1149836832807783
52 48 0.5430989845429336
52 49 -0.0035082826998881
52 50 -0.1307670828350739
52 51 0.1540707789364306
52 52 0.1309226786510581
52 53 -0.0699326741233693
52 54 -0.5870889349701506
52 55 0.0120263303657339
52 56 0.0146076503521608
53 0 -0.1089575761012122
53 30 0.4495471557593355
53 31 -0.0797844906010870
53 32 -0.1996343895754300
53 33 -0.0112125422887554
53 34 0.0207132361616044
53 35 0.1840180010516396
53 36 0.4012364611677001
53 37 -0.2117767689601009
53 38 0.1776111435194318
53 39 -0.1645797024897698
53 40 0.0679333071465947
53 41 -0.0001204552080899
53 42 -0.1429982555806075
53 43 -0.0141769418459719
53 44 -3.1586552508997578
53 45 1.3317711734580284
53 46 3.7208344749293483
53 47 -2.1894867617713594
53 48 -1.0267660544990500
53 49 0.5332638684584962
53 50 0.0830345415078333
53 51 -0.3806402450421109
53 52 0.1538746837818160
53 53 -0.0696356605620800
53 54 0.1411102824074682
53 55 -0.6322767716484871
53 56 -0.0675849634848851
54 0 -0.1036053447315379
54 30 0.2496159846716779
54 31 -0.3752179379809797
54 32 -0.1108491825379890
54 33 -0.2086107393357907
54 34 0.1666348620664936
54 35 0.1021780116753970
54 36 -0.1184834428709933
54 37 -0.1691908358381492
54 38 0.0143713729684673
54 39 -0.0913846833811329
54 40 0.2805403746701081
54 41 0.0737947475338791
54 42 0.0457531343973162
54 43 -0.0524156736731699
54 44 0.0484876575395948
54 45 -0.3934181456071146
54 46 0.0694522447564038
54 47 -0.1243872028645958
54 48 0.1451584233456687
54 49 -0.0622631073491503
54 50 -3.1998735010806021
54 51 1.7868361225957059
54 52 3.4346064809108952
54 53 -2.0589835279058954
54 54 -1.1941418710544052
54 55 0.5729071990826282
54 56 -0.4672080669646378
55 0 0.4460039681419541
55 30 2.7263085929745485
55 31 -1.3444724972453406
55 32 -1.2106960188267659
55 33 -2.4411560719147891
55 34 1.3492039035002561
55 35 1.1159893931075469
55 36 1.2722524784011502
55 37 -2.0530406200276063
55 38 0.7460645575827025
55 39 -0.9981045400435420
55 40 1.4388565528663613
55 41 0.6919067496120760
55 42 -0.2797559122370992
55 43 -0.3465672914094939
55 44 0.5295827411745208
55 45 -0.7504074766137778
55 46 -0.3729054951434426
55 47 0.1537702734483322
55 48 0.3629977384006809
55 49 -0.0950353614319722
55 50 0.5035684935969184
55 51 0.1836969121473371
55 52 -0.7530341134885490
55 53 0.5134948294374897
55 54 0.0166849582527412
55 55 -0.0064455233285931
55 56 0.0797990909125283
63 0 1.0000000000000000
72 0 1.0000000000000000
73 1 1.0000000000000000
74 2 1.4142135623730954
75 3 1.0000000000000000
76 4 1.4142135623730954
77 5 1.4142135623730954
78 6 1.0000000000000000
79 7 1.4142135623730954
80 8 1.4142135623730954
81 9 1.4142135623730954
82 10 1.0000000000000000
83 11 1.4142135623730954
84 12 1.4142135623730954
85 13 1.4142135623730954
86 14 1.4142135623730954
87 15 1.0000000000000000
88 16 1.4142135623730954
89 17 1.4142135623730954
90 18 1.4142135623730954
91 19 1.4142135623730954
92 20 1.4142135623730954
93 21 1.0000000000000000
94 22 1.4142135623730954
95 23 1.4142135623730954
96 24 1.4142135623730954
97 25 1.4142135623730954
98 26 1.4142135623730954
99 27 1.4142135623730954
100 28 1.0000000000000000
108 29 1.0000000000000000
116 30 1.4142135623730954
117 31 1.0000000000000000
125 32 1.4142135623730954
126 33 1.4142135623730954
127 34 1.0000000000000000
135 35 1.4142135623730954
136 36 1.4142135623730954
137 37 1.4142135623730954
138 38 1.0000000000000000
146 39 1.4142135623730954
147 40 1.4142135623730954
148 41 1.4142135623730954
149 42 1.4142135623730954
150 43 1.0000000000000000
158 44 1.4142135623730954
159 45 1.4142135623730954
160 46 1.4142135623730954
161 47 1.4142135623730954
162 48 1.4142135623730954
163 49 1.0000000000000000
171 50 1.4142135623730954
172 51 1.4142135623730954
173 52 1.4142135623730954
174 53 1.4142135623730954
175 54 1.4142135623730954
176 55 1.4142135623730954
177 56 1.0000000000000000
