21 0 5.7285211616504368
22 0 3.7978216093298673
23 0 -1.6673575718640208
24 0 -2.1766641437022320
25 0 3.0044595211273499
26 0 1.5651346296756403
56 0 -0.6110286931528091
57 0 -0.7630528514577745
58 0 -0.4525008048779721
59 0 -0.1606377267408219
60 0 -0.5923125956741213
61 0 -0.1823728914414713
62 0 0.2986750370446505
64 0 -0.1246359152458429
65 0 -0.0139278468919143
66 0 0.5932185271972819
67 0 0.5770194682902801
68 0 -0.0836413706380140
69 0 0.5142185588149600
70 0 -0.0392056258991680
101 0 -1.4142135623730951
110 0 -1.4142135623730951
120 0 -1.4142135623730951
131 0 -1.4142135623730951
143 0 -1.4142135623730951
156 0 -1.4142135623730951
170 0 -1.4142135623730951
