0 0 0.0048082976287931
0 1 -0.0794505764764712
0 2 -0.4354049871325506
0 3 -0.0503799744632998
0 4 -0.0567314425209108
0 5 -0.0443902487865495
0 6 -0.0044812050832443
0 7 -0.1380344360207235
0 8 -0.0512593647171259
0 9 -0.0160367919307039
0 10 -0.0110162864639152
0 11 0.5428074284718584
0 12 0.0694704019715741
0 13 0.0496316019460143
0 14 0.0470973303852815
0 15 -0.0068637521310485
0 16 -0.9593909791692511
0 17 -0.1765963918987040
0 18 -0.0931931031633113
0 19 -0.0993503156727185
0 20 0.0941123420320295
0 21 -0.1435726570315210
1 0 -0.0256781384493230
1 1 -0.4179316033862039
1 2 0.5304137461726391
1 3 0.1148713191813963
1 4 -0.3851956276540738
1 5 -0.1421440026882875
1 6 -0.0475070229282864
1 7 -0.0346639655503276
1 8 0.1206931749783562
1 9 -0.0705420987738305
1 10 0.0174435128515542
1 11 0.2186002178526341
1 12 0.1911020145491594
1 13 0.2527885261118903
1 14 0.0122214204569138
1 15 -0.3055713170884632
1 16 0.1405410346488627
1 17 0.2242219420293365
1 18 -0.3885574979647871
1 19 0.1502206872859893
1 20 0.5427955876050525
1 21 0.0495138476263515
2 0 0.0730061634083115
2 2 0.0928918957789443
2 3 -0.1269157404777620
2 4 -0.3174268021682509
2 5 0.5041996920419914
2 6 -0.2409368470654367
2 7 0.1166999939251633
2 8 -0.1570635084879020
2 9 0.0804440136779085
2 10 0.0029907539336720
2 11 0.4681208123085802
2 12 -0.6771017308863146
2 13 0.4835324855171041
2 14 -0.0351402829000972
2 15 -0.1890821034056820
2 16 0.0166362726279249
2 17 -0.0676936292344260
2 18 0.1662765532881840
2 19 -0.0560617896872412
2 20 -0.2333115812385348
2 21 -0.0080527175204909
3 0 0.0109461594010448
3 1 -0.0979562460255602
3 2 -0.0287343284068044
3 3 -0.1443903284941686
3 4 -0.2455114688356023
3 5 -0.0843425720398696
3 6 -0.0255048844989361
3 7 -0.0735595566680839
3 8 -0.1746182430796642
3 9 -0.0503168920638625
3 10 -0.0422499308136036
3 11 0.3251726361821936
3 12 0.2628849040540118
3 13 0.0886705176022465
3 14 0.1992860895994223
3 15 -0.0554592420811745
3 16 0.1618568411453546
3 17 -0.0789672504963661
3 18 -0.0878185287471841
3 19 -0.2043031429801084
3 20 -0.1529426633608212
3 21 0.5259446044244941
4 0 -0.0573147373107727
4 2 -0.1865722313650341
4 3 0.2743714272244857
4 4 -0.1098243865681719
4 5 -0.0337721281554836
4 6 -0.1663943606405573
4 7 -0.1549269108921106
4 8 0.2375358858296689
4 9 -0.1110470042897593
4 10 0.0038108006040097
4 11 0.1337110469247522
4 12 -0.0527520649746144
4 13 0.4169738698145891
4 14 0.0425599278542720
4 15 -0.2732564502991101
4 16 0.3181916774966763
4 17 -0.3545970785112778
4 18 0.3456917772422911
4 19 0.0671003120612186
4 20 -0.2698520553849315
4 21 -0.1564649113861764
5 0 0.0412108446637039
5 2 -0.0669458402098941
5 3 0.0068337816045989
5 4 -0.0189652652084290
5 5 -0.1545415754273528
5 6 -0.0443289374298657
5 7 -0.0577643336927828
5 8 -0.0227523747819957
5 9 -0.1431329388548582
5 10 -0.0247197657439412
5 11 0.0186044691404295
5 12 0.2143278243958096
5 13 0.1047411310819831
5 14 0.1945334285706662
5 15 -0.0600901817775087
5 16 0.1045565107305272
5 17 0.0811112752301991
5 18 0.2703896039010383
5 19 0.1239403524899874
5 20 -0.3632120308593104
5 21 -0.1433494426115684
6 0 0.0485756708263978
6 1 -1.0038740095740992
6 2 0.0567829460519887
6 3 0.2095566138493389
6 4 -0.2659411130204590
6 5 -0.1293844259429148
6 6 -0.0304562074039631
6 7 -0.1313823341389003
6 8 0.0063368072313949
6 9 -0.0680147689830754
6 10 -0.0217133129055526
6 11 -0.3946140344737022
6 12 -0.3605242906705642
6 13 0.1453503311068691
6 14 0.0239623579121491
6 15 0.0896016570842102
6 16 0.1295105685849173
6 17 0.5202104225751957
6 18 -0.3200688961197304
6 19 -0.1057897094727303
6 20 -0.2586430538990654
6 21 0.1244918808623736
7 0 -0.2027702784069407
7 2 0.4256254229736008
7 3 -0.3878815740423258
7 4 -0.7430661570048823
7 5 0.5800604582641976
7 6 -0.2341263513194180
7 7 0.1140637289870205
7 8 0.0999315837556172
7 9 -0.0592032951800726
7 10 0.0049299084180853
7 11 0.7028035658035945
7 12 -0.0305145646400178
7 13 -0.0827724946246148
7 14 0.1380266850053305
7 15 0.3500668852679332
7 16 0.0799523436960116
7 17 -0.2473829440604712
7 18 0.2896368986679334
7 19 -0.0111721121260016
7 20 -0.1826623776518119
7 21 -0.0327553163497508
8 0 0.1273997681362854
8 2 -0.4223474375110937
8 3 0.0610035463548598
8 4 -0.1852296027908251
8 5 0.0993241562853247
8 6 -0.1319434956606911
8 7 -0.4383158392851764
8 8 0.0697018455212565
8 9 -0.1330684608284467
8 10 -0.0234057230647492
8 11 0.1131877657544857
8 12 -0.4101471349793088
8 13 0.0695919650764490
8 14 -0.1054091308829139
8 15 0.1229023464982389
8 16 0.7697920548911815
8 17 -0.0598437937081234
8 18 0.2429596389122283
8 19 0.1738579948073003
8 20 0.2516998062907598
8 21 -0.2239427572481476
9 0 0.2874728771491734
9 2 0.9098758426752320
9 3 -0.1264340590216667
9 4 -0.6927223227936401
9 5 0.2301579386721060
9 6 -0.1019422790805889
9 7 -0.2858471926625415
9 8 0.0722503102344542
9 9 -0.0668318666477501
9 10 -0.0102195529235236
9 11 -0.3134963808674970
9 12 0.4015094610587673
9 13 -0.3186529057582347
9 14 -0.1236608607955682
9 15 -0.1233300398520805
9 16 0.1756088696834072
9 17 -0.2733808219805526
9 18 0.2153996323111674
9 19 0.0844976318510046
9 20 0.1548700737740974
9 21 -0.0480536553877385
10 0 -0.0095178077673895
10 1 0.3437890172986243
10 2 0.3428220961371859
10 3 0.1223292305648591
10 4 0.5082273905557533
10 5 0.1521196544543882
10 6 0.0492106886013388
10 7 -0.6991075781753053
10 8 -0.2343051815463857
10 9 -0.0282824742557887
10 10 -0.1207539055718608
10 11 -0.0180033823686430
10 12 -0.0716640337740743
10 13 -0.0798955044293672
10 14 0.2808405619394075
10 15 -0.0597781136368355
10 16 -0.1314795532696714
10 17 0.2157758016014912
10 18 0.1891425318303842
10 19 -0.5743636863194326
10 20 0.1074687022948087
10 21 -0.0339195804009255
11 0 0.0965240734107062
11 2 0.0688195834863818
11 3 -0.2127432000955491
11 4 0.2691317944839663
11 5 0.0580114370100685
11 6 0.3142845014719455
11 7 -0.3508787023533659
11 8 0.4418285681939573
11 9 -0.6751203078210664
11 10 0.1289650030231076
11 11 -0.2067671660596132
11 12 -0.3618553582749233
11 13 -0.3653608138891617
11 14 0.6668332066685843
11 15 -0.0086798030765742
11 16 -0.0135298560524515
11 17 -0.0334702653764199
11 18 -0.1552511558708481
11 19 0.1924494816006306
11 20 0.1154634140603934
11 21 0.0070178292295351
12 0 -0.1694750535910765
12 2 0.1949321381715274
12 3 0.1351031593210241
12 4 0.0668701349688180
12 5 0.3294759032070879
12 6 0.1100563442799739
12 7 0.0770221102386718
12 8 -0.1951916020781966
12 9 -0.0467941573083636
12 10 -0.3160559088335289
12 11 -0.0308130619918710
12 12 -0.1437841990042131
12 13 -0.0936976361127242
12 14 0.3040984294464926
12 15 -0.0465860573475651
12 16 -0.2603783690434453
12 17 -0.3434476226611253
12 18 -0.4058692837932633
12 19 0.5349192215785696
12 20 0.0233955297439099
12 21 0.1394055985483030
13 0 -0.2545412998162965
13 2 0.0747565605838967
13 3 -0.2240778725390305
13 4 0.3707082396449064
13 5 -0.1439100025166589
13 6 0.2571373172435322
13 7 -0.6105441234701336
13 8 0.6046735683930519
13 9 -0.3356239486961946
13 10 -0.1632092262551239
13 11 0.2332987406806645
13 12 0.1716886147107463
13 13 0.1949010669164391
13 14 -0.4186575089611232
13 15 0.0569561698621825
13 16 -0.0517802648968704
13 17 0.0025287447231384
13 18 -0.2038378410381765
13 19 0.2341576311385209
13 20 -0.0843538315003670
13 21 0.0251766547319261
14 0 0.4226781458639194
14 2 -0.1429163490918406
14 3 -0.1187479581435369
14 4 -0.0982967287818457
14 5 -0.2753008089890169
14 6 -0.1331750476405619
14 7 0.3292198696052911
14 8 0.5603415827201950
14 9 0.6432916816259855
14 10 -0.6606579593008803
14 11 -0.0762230521027737
14 12 -0.0539979851500909
14 13 -0.0968484374244803
14 14 0.1314555141652199
14 15 0.0049787796508597
14 16 0.0044824662387086
14 17 0.0798256552590231
14 18 0.0584147748421209
14 19 -0.1843006997647882
14 20 0.0402950573844616
14 21 -0.0023868586025062
20 0 1.0000000000000000
21 0 0.0009312411341512
21 22 0.4193449717402407
21 23 0.5363169766195776
21 24 -0.1786371786823390
21 25 -0.5293297329947730
21 26 0.2404667467552970
21 27 -0.0723025432256627
21 28 -0.9849135179157291
21 29 0.5321420403081485
21 30 -0.3391028581830868
21 31 -0.3857650189546064
21 32 0.2479326023333769
21 33 -0.4007936778967112
21 34 0.3059853785386116
21 35 0.6370067390624423
21 36 -0.1867504872656839
21 37 1.4145633072324637
21 38 -0.5442934571430353
21 39 0.3051446343546205
21 40 0.7430521279968767
21 41 -0.7391666354437426
21 42 -0.3060094065912288
22 0 -0.0089396545637665
22 22 -2.8169650616605728
22 23 0.5635586095193010
22 24 0.5363536105061190
22 25 -0.3361146385022089
22 26 -0.4882425983608540
22 27 0.0532777716110112
22 28 4.2963355087016986
22 29 -2.0239954440892993
22 30 0.5266992870431199
22 31 1.3255410220653210
22 32 1.8794002279731155
22 33 0.0848053830101917
22 34 0.1981879071020379
22 35 -1.4858779957301980
22 36 -0.4515983029817576
22 37 -4.7020935725839017
22 38 2.6964785252937324
22 39 -0.9660835489506149
22 40 -2.6451531610732260
22 41 1.8980080031958664
22 42 1.5222182098909305
23 0 0.0429090923868589
23 23 -3.5216367489026847
23 24 -0.5890231389536119
23 25 0.4580777269122303
23 26 0.1369412680992034
23 27 -0.0078466513099479
23 28 -2.0941610226857099
23 29 6.0300025493717033
23 30 -0.7940429458717868
23 31 3.7940623845335955
23 32 1.5340568376237829
23 33 1.2195472805392682
23 34 -0.1515353558966145
23 35 -2.2066710574549138
23 36 -0.4194756023889648
23 37 -1.5839897145473822
23 38 -7.0090485409012784
23 39 0.9043750696706172
23 40 -1.1406568404775663
23 41 3.3709260219811483
23 42 -3.0334206653998255
24 0 -0.0079628681741305
24 22 -1.6486461580295575
24 23 0.7397234166219330
24 24 0.1523287392923315
24 25 -0.2323193961839845
24 26 0.0182903637178245
24 27 -0.1408086364696319
24 28 4.0495359443941696
24 29 -1.4068825645637557
24 30 0.1696934679329228
24 31 1.3388273062462417
24 32 1.7898989491366661
24 33 0.0043835249070833
24 34 0.0804444108093124
24 35 -1.9181972566428944
24 36 -0.2753636012362387
24 37 -4.6149443384073665
24 38 1.2783795189666838
24 39 0.1466105501384590
24 40 -1.5080659473096205
24 41 2.0270338334396949
24 42 -0.0230771378056872
25 0 0.0540521675955281
25 23 -2.6592495458887053
25 24 -0.0586586412909095
25 25 -0.6743898347720360
25 26 -0.2469788249039697
25 27 0.0283977726053466
25 28 -1.6136234939740899
25 29 6.1457026150756819
25 30 0.9944826587492820
25 31 3.7370236428596848
25 32 -0.6082558866777782
25 33 0.8923953567948966
25 34 0.1946345025654919
25 35 1.2060413992713841
25 36 -0.0232453441596610
25 37 1.9400291106385334
25 38 -5.9388118820872764
25 39 -1.2081039871452213
25 40 -6.7890572883335549
25 41 -0.9139666224431731
25 42 3.1105711346518006
26 0 0.0340444956914286
26 23 -0.9947523876345521
26 24 0.0971706550778504
26 25 -0.7150800604636449
26 26 -0.0015057955548367
26 27 -0.0512952500613366
26 28 -0.6182573448960724
26 29 2.7964491261083433
26 30 1.9224701981360350
26 31 1.7005101716624429
26 32 -1.0288920013233043
26 33 0.6695476890613113
26 34 0.3352511771226876
26 35 3.1836267972419638
26 36 0.5885715274760728
26 37 2.1482735824689572
26 38 -3.0324643692015987
26 39 -1.8749392752932494
26 40 -7.6631111298898960
26 41 -4.1483923781694045
26 42 6.0957351546301481
27 0 -0.0342946893014985
27 22 -8.5266655965956044
27 23 0.9083990223701658
27 24 0.3164153112526721
27 25 -3.2992708573457104
27 26 0.2354526274883520
27 27 -0.0605443295617830
27 28 16.6924592959993419
27 29 -5.9338619596792324
27 30 2.2693872700636861
27 31 7.0241812000552573
27 32 6.6683213949912732
27 33 -0.4141053314853684
27 34 1.2639284814807190
27 35 -7.3875718513459177
27 36 -1.4166295890942298
27 37 -19.3153877852571760
27 38 5.7779309449639715
27 39 -2.5977732377569240
27 40 -11.3795882868369382
27 41 8.0996555260240228
27 42 4.0228990485182203
28 0 0.2327932917165951
28 23 -7.1432904558840891
28 24 -1.1616440506366090
28 25 2.3502483532684355
28 26 -1.4697868503469793
28 27 0.2174122370350923
28 28 -3.4789961223450780
28 29 16.1500430231887968
28 30 -5.8668538835440929
28 31 8.5451589840033861
28 32 4.1217580254415189
28 33 3.2666573456889898
28 34 0.0666117310605703
28 35 -7.7790478332318207
28 36 -1.4051613072228120
28 37 -2.7066532894126634
28 38 -18.2314922904188528
28 39 4.1913260220693225
28 40 -2.5091627632426663
28 41 10.7127008175675620
28 42 -7.0337700255782565
29 0 0.2073572620215592
29 23 -3.4071948630218327
29 24 -0.6150170745899816
29 25 -1.8134313883190243
29 26 -1.3814336691637190
29 27 -0.5849780983691973
29 28 -1.6738876405350922
29 29 7.3505499298733534
29 30 3.3276553136945495
29 31 3.6124938519250192
29 32 -3.2721081391894056
29 33 0.5101617570051160
29 34 -0.4112643222571992
29 35 7.8237317486763027
29 36 1.0669224168258000
29 37 8.2565450193770911
29 38 -7.0572345716507989
29 39 -2.2017254736719312
29 40 -23.1623183194199491
29 41 -10.9099255433146993
29 42 20.4687725510735774
30 0 0.6314829055303490
30 23 1.6874852691205628
30 24 0.2748286950890260
30 25 5.8637023269549839
30 26 1.3695630922880806
30 27 1.4406024417331502
30 28 4.2944660983788792
30 29 -3.2019976311572718
30 30 -12.5016036215145139
30 31 -9.9286548743390526
30 32 3.5887285720618962
30 33 -0.0198862844063543
30 34 -1.2183458782532552
30 35 -9.8350369856966786
30 36 -1.2852692654199003
30 37 2.9263725861012033
30 38 4.6292362004730823
30 39 15.1486145696497694
30 40 3.8023423708918460
30 41 7.7832500716778608
30 42 7.2013477398635963
35 0 1.0000000000000000
41 0 1.0000000000000000
42 1 1.0000000000000000
43 2 1.4142135623730954
44 3 1.0000000000000000
45 4 1.4142135623730954
46 5 1.4142135623730954
47 6 1.0000000000000000
48 7 1.4142135623730954
49 8 1.4142135623730954
50 9 1.4142135623730954
51 10 1.0000000000000000
52 11 1.4142135623730954
53 12 1.4142135623730954
54 13 1.4142135623730954
55 14 1.4142135623730954
56 15 1.0000000000000000
57 16 1.4142135623730954
58 17 1.4142135623730954
59 18 1.4142135623730954
60 19 1.4142135623730954
61 20 1.4142135623730954
62 21 1.0000000000000000
69 22 1.0000000000000000
76 23 1.4142135623730954
77 24 1.0000000000000000
84 25 1.4142135623730954
85 26 1.4142135623730954
86 27 1.0000000000000000
93 28 1.4142135623730954
94 29 1.4142135623730954
95 30 1.4142135623730954
96 31 1.0000000000000000
103 32 1.4142135623730954
104 33 1.4142135623730954
105 34 1.4142135623730954
106 35 1.4142135623730954
107 36 1.0000000000000000
114 37 1.4142135623730954
115 38 1.4142135623730954
116 39 1.4142135623730954
117 40 1.4142135623730954
118 41 1.4142135623730954
119 42 1.0000000000000000
