5 0 -10.9385269960083313
11 0 -6.9184851929378688
17 0 23.5935249691382225
23 0 7.4020608264404846
29 0 13.9099473450905489
30 0 -10.9385269960083313
31 0 -6.9184851929378688
32 0 23.5935249691382225
33 0 7.4020608264404846
34 0 13.9099473450905489
40 0 -0.3413557779338036
41 0 0.2142099564753283
46 0 -0.1355993437421547
47 0 -0.1392211047711766
52 0 -0.1168538337132737
53 0 0.5356828661896370
58 0 0.1473609824928532
59 0 -0.0841858247602105
60 0 -0.3413557779338036
61 0 -0.1355993437421547
62 0 -0.1168538337132737
63 0 0.1473609824928532
66 0 0.2142099564753283
67 0 -0.1392211047711766
68 0 0.5356828661896370
69 0 -0.0841858247602105
78 0 -1.0000000000000000
91 0 -1.0000000000000000
104 0 -1.0000000000000000
117 0 -1.0000000000000000
130 0 -1.0000000000000000
143 0 -1.0000000000000000
144 0 -1.0000000000000000
157 0 -1.0000000000000000
170 0 -1.0000000000000000
183 0 -1.0000000000000000
196 0 -1.0000000000000000
209 0 -1.0000000000000000
