0 0 1.5371742112482847
4189 0 -0.5237828008789241
4192 0 0.0707106781186547
4196 0 -0.1224744871391589
4201 0 -0.0707106781186548
4207 0 -0.1224744871391589
4214 0 -0.0707106781186548
4222 0 -0.1224744871391589
4231 0 0.0707106781186547
4241 0 -0.1224744871391589
4252 0 0.7071067811865476
4417 0 0.7071067811865476
4651 0 0.0707106781186548
4927 0 0.0707106781186548
5221 0 0.0707106781186548
5512 0 0.0707106781186548
5782 0 0.0707106781186548
6016 0 0.0707106781186548
6202 0 0.0707106781186548
6331 0 0.0707106781186548
9247 0 0.7071067811865476
12502 0 0.7071067811865476
12952 0 0.7071067811865476
13300 0 0.7071067811865476
13537 0 0.7071067811865476
13660 0 -1.4142135623730951
13748 0 0.7071067811865476
13910 0 0.7071067811865476
19013 0 0.7071067811865476
19628 0 0.7071067811865476
27813 0 0.7071067811865476
28428 0 0.7071067811865476
32810 0 0.7071067811865476
33899 0 0.7071067811865476
39613 0 0.7071067811865476
40702 0 0.7071067811865476
