0 0 15.3717421124828366
4189 0 -0.5237828008789241
4192 0 0.0707106781186547
4196 0 -0.1224744871391589
4201 0 -0.0707106781186548
4207 0 -0.1224744871391589
4214 0 -0.0707106781186548
4222 0 -0.1224744871391589
4231 0 0.0707106781186547
4241 0 -0.1224744871391589
4252 0 0.7071067811865476
4417 0 0.7071067811865476
4651 0 0.0707106781186548
4927 0 0.0707106781186548
5221 0 0.0707106781186548
5512 0 0.0707106781186548
5782 0 0.0707106781186548
6016 0 0.0707106781186548
6202 0 0.0707106781186548
6331 0 0.0707106781186548
9247 0 0.7071067811865476
12502 0 0.7071067811865476
12952 0 0.7071067811865476
13300 0 0.7071067811865476
13537 0 0.7071067811865476
13660 0 -1.4142135623730951
13748 0 0.7071067811865476
13910 0 0.7071067811865476
19013 0 0.7071067811865476
19628 0 0.7071067811865476
27813 0 0.7071067811865476
28428 0 0.7071067811865476
32810 0 0.7071067811865476
33899 0 0.7071067811865476
39613 0 0.7071067811865476
40702 0 0.7071067811865476
45272 0 -0.5237828008789241
45275 0 0.0707106781186547
45279 0 -0.1224744871391589
45284 0 -0.0707106781186548
45290 0 -0.1224744871391589
45297 0 -0.0707106781186548
45305 0 -0.1224744871391589
45314 0 0.0707106781186547
45324 0 -0.1224744871391589
45335 0 0.7071067811865476
45500 0 0.7071067811865476
45734 0 0.0707106781186548
46010 0 0.0707106781186548
46304 0 0.0707106781186548
46595 0 0.0707106781186548
46865 0 0.0707106781186548
47099 0 0.0707106781186548
47285 0 0.0707106781186548
47414 0 0.0707106781186548
50330 0 0.7071067811865476
53585 0 0.7071067811865476
54035 0 0.7071067811865476
54383 0 0.7071067811865476
54620 0 0.7071067811865476
54743 0 -1.0833504408394037
54750 0 -0.9090389553440873
54831 0 0.7071067811865476
54993 0 0.7071067811865476
60096 0 0.7071067811865476
60711 0 0.7071067811865476
68896 0 0.7071067811865476
69511 0 0.7071067811865476
73893 0 0.7071067811865476
74982 0 0.7071067811865476
80696 0 0.7071067811865476
81785 0 0.7071067811865476
86355 0 -0.5237828008789241
86358 0 0.0707106781186547
86362 0 -0.1224744871391589
86367 0 -0.0707106781186548
86373 0 -0.1224744871391589
86380 0 -0.0707106781186548
86388 0 -0.1224744871391589
86397 0 0.0707106781186547
86407 0 -0.1224744871391589
86418 0 0.7071067811865476
86583 0 0.7071067811865476
86817 0 0.0707106781186548
87093 0 0.0707106781186548
87387 0 0.0707106781186548
87678 0 0.0707106781186548
87948 0 0.0707106781186548
88182 0 0.0707106781186548
88368 0 0.0707106781186548
88497 0 0.0707106781186548
91413 0 0.7071067811865476
94668 0 0.7071067811865476
95118 0 0.7071067811865476
95466 0 0.7071067811865476
95703 0 0.7071067811865476
95826 0 -0.2455756079379458
95833 0 -1.3927284806400380
95914 0 0.7071067811865476
96076 0 0.7071067811865476
101179 0 0.7071067811865476
101794 0 0.7071067811865476
109979 0 0.7071067811865476
110594 0 0.7071067811865476
114976 0 0.7071067811865476
116065 0 0.7071067811865476
121779 0 0.7071067811865476
122868 0 0.7071067811865476
127438 0 -0.5237828008789241
127441 0 0.0707106781186547
127445 0 -0.1224744871391589
127450 0 -0.0707106781186548
127456 0 -0.1224744871391589
127463 0 -0.0707106781186548
127471 0 -0.1224744871391589
127480 0 0.0707106781186547
127490 0 -0.1224744871391589
127501 0 0.7071067811865476
127666 0 0.7071067811865476
127900 0 0.0707106781186548
128176 0 0.0707106781186548
128470 0 0.0707106781186548
128761 0 0.0707106781186548
129031 0 0.0707106781186548
129265 0 0.0707106781186548
129451 0 0.0707106781186548
129580 0 0.0707106781186548
132496 0 0.7071067811865476
135751 0 0.7071067811865476
136201 0 0.7071067811865476
136549 0 0.7071067811865476
136786 0 0.7071067811865476
136909 0 0.7071067811865472
136916 0 -1.2247448713915892
136997 0 0.7071067811865476
137159 0 0.7071067811865476
142262 0 0.7071067811865476
142877 0 0.7071067811865476
151062 0 0.7071067811865476
151677 0 0.7071067811865476
156059 0 0.7071067811865476
157148 0 0.7071067811865476
162862 0 0.7071067811865476
163951 0 0.7071067811865476
168521 0 -0.5237828008789241
168524 0 0.0707106781186547
168528 0 -0.1224744871391589
168533 0 -0.0707106781186548
168539 0 -0.1224744871391589
168546 0 -0.0707106781186548
168554 0 -0.1224744871391589
168563 0 0.0707106781186547
168573 0 -0.1224744871391589
168584 0 0.7071067811865476
168749 0 0.7071067811865476
168983 0 0.0707106781186548
169259 0 0.0707106781186548
169553 0 0.0707106781186548
169844 0 0.0707106781186548
170114 0 0.0707106781186548
170348 0 0.0707106781186548
170534 0 0.0707106781186548
170663 0 0.0707106781186548
173579 0 0.7071067811865476
176834 0 0.7071067811865476
177284 0 0.7071067811865476
177632 0 0.7071067811865476
177869 0 0.7071067811865476
177992 0 1.3289260487773493
177999 0 -0.4836895252959508
178080 0 0.7071067811865476
178242 0 0.7071067811865476
183345 0 0.7071067811865476
183960 0 0.7071067811865476
192145 0 0.7071067811865476
192760 0 0.7071067811865476
197142 0 0.7071067811865476
198231 0 0.7071067811865476
203945 0 0.7071067811865476
205034 0 0.7071067811865476
209604 0 -0.5237828008789241
209607 0 0.0707106781186547
209611 0 -0.1224744871391589
209616 0 -0.0707106781186548
209622 0 -0.1224744871391589
209629 0 -0.0707106781186548
209637 0 -0.1224744871391589
209646 0 0.0707106781186547
209656 0 -0.1224744871391589
209667 0 0.7071067811865476
209832 0 0.7071067811865476
210066 0 0.0707106781186548
210342 0 0.0707106781186548
210636 0 0.0707106781186548
210927 0 0.0707106781186548
211197 0 0.0707106781186548
211431 0 0.0707106781186548
211617 0 0.0707106781186548
211746 0 0.0707106781186548
214662 0 0.7071067811865476
217917 0 0.7071067811865476
218367 0 0.7071067811865476
218715 0 0.7071067811865476
218952 0 0.7071067811865476
219075 0 1.3289260487773495
219082 0 0.4836895252959504
219163 0 0.7071067811865476
219325 0 0.7071067811865476
224428 0 0.7071067811865476
225043 0 0.7071067811865476
233228 0 0.7071067811865476
233843 0 0.7071067811865476
238225 0 0.7071067811865476
239314 0 0.7071067811865476
245028 0 0.7071067811865476
246117 0 0.7071067811865476
250687 0 -0.5237828008789241
250690 0 0.0707106781186547
250694 0 -0.1224744871391589
250699 0 -0.0707106781186548
250705 0 -0.1224744871391589
250712 0 -0.0707106781186548
250720 0 -0.1224744871391589
250729 0 0.0707106781186547
250739 0 -0.1224744871391589
250750 0 0.7071067811865476
250915 0 0.7071067811865476
251149 0 0.0707106781186548
251425 0 0.0707106781186548
251719 0 0.0707106781186548
252010 0 0.0707106781186548
252280 0 0.0707106781186548
252514 0 0.0707106781186548
252700 0 0.0707106781186548
252829 0 0.0707106781186548
255745 0 0.7071067811865476
259000 0 0.7071067811865476
259450 0 0.7071067811865476
259798 0 0.7071067811865476
260035 0 0.7071067811865476
260158 0 0.7071067811865482
260165 0 1.2247448713915889
260246 0 0.7071067811865476
260408 0 0.7071067811865476
265511 0 0.7071067811865476
266126 0 0.7071067811865476
274311 0 0.7071067811865476
274926 0 0.7071067811865476
279308 0 0.7071067811865476
280397 0 0.7071067811865476
286111 0 0.7071067811865476
287200 0 0.7071067811865476
291770 0 -0.5237828008789241
291773 0 0.0707106781186547
291777 0 -0.1224744871391589
291782 0 -0.0707106781186548
291788 0 -0.1224744871391589
291795 0 -0.0707106781186548
291803 0 -0.1224744871391589
291812 0 0.0707106781186547
291822 0 -0.1224744871391589
291833 0 0.7071067811865476
291998 0 0.7071067811865476
292232 0 0.0707106781186548
292508 0 0.0707106781186548
292802 0 0.0707106781186548
293093 0 0.0707106781186548
293363 0 0.0707106781186548
293597 0 0.0707106781186548
293783 0 0.0707106781186548
293912 0 0.0707106781186548
296828 0 0.7071067811865476
300083 0 0.7071067811865476
300533 0 0.7071067811865476
300881 0 0.7071067811865476
301118 0 0.7071067811865476
301241 0 -0.2455756079379452
301248 0 1.3927284806400382
301329 0 0.7071067811865476
301491 0 0.7071067811865476
306594 0 0.7071067811865476
307209 0 0.7071067811865476
315394 0 0.7071067811865476
316009 0 0.7071067811865476
320391 0 0.7071067811865476
321480 0 0.7071067811865476
327194 0 0.7071067811865476
328283 0 0.7071067811865476
332853 0 -0.5237828008789241
332856 0 0.0707106781186547
332860 0 -0.1224744871391589
332865 0 -0.0707106781186548
332871 0 -0.1224744871391589
332878 0 -0.0707106781186548
332886 0 -0.1224744871391589
332895 0 0.0707106781186547
332905 0 -0.1224744871391589
332916 0 0.7071067811865476
333081 0 0.7071067811865476
333315 0 0.0707106781186548
333591 0 0.0707106781186548
333885 0 0.0707106781186548
334176 0 0.0707106781186548
334446 0 0.0707106781186548
334680 0 0.0707106781186548
334866 0 0.0707106781186548
334995 0 0.0707106781186548
337911 0 0.7071067811865476
341166 0 0.7071067811865476
341616 0 0.7071067811865476
341964 0 0.7071067811865476
342201 0 0.7071067811865476
342324 0 -1.0833504408394035
342331 0 0.9090389553440877
342412 0 0.7071067811865476
342574 0 0.7071067811865476
347677 0 0.7071067811865476
348292 0 0.7071067811865476
356477 0 0.7071067811865476
357092 0 0.7071067811865476
361474 0 0.7071067811865476
362563 0 0.7071067811865476
368277 0 0.7071067811865476
369366 0 0.7071067811865476
373936 0 -0.5237828008789241
373939 0 0.0707106781186547
373943 0 -0.1224744871391589
373948 0 -0.0707106781186548
373954 0 -0.1224744871391589
373961 0 -0.0707106781186548
373969 0 -0.1224744871391589
373978 0 0.0707106781186547
373988 0 -0.1224744871391589
373999 0 0.7071067811865476
374164 0 0.7071067811865476
374398 0 0.0707106781186548
374674 0 0.0707106781186548
374968 0 0.0707106781186548
375259 0 0.0707106781186548
375529 0 0.0707106781186548
375763 0 0.0707106781186548
375949 0 0.0707106781186548
376078 0 0.0707106781186548
378994 0 0.7071067811865476
382249 0 0.7071067811865476
382699 0 0.7071067811865476
383047 0 0.7071067811865476
383284 0 0.7071067811865476
383407 0 -1.4142135623730951
383495 0 0.7071067811865476
383657 0 0.7071067811865476
388760 0 0.7071067811865476
389375 0 0.7071067811865476
397560 0 0.7071067811865476
398175 0 0.7071067811865476
402557 0 0.7071067811865476
403646 0 0.7071067811865476
409360 0 0.7071067811865476
410449 0 0.7071067811865476
