0 0 1.0000000000000000
24 0 0.0256410256410256
30 0 0.0256410256410256
518 0 0.0256410256410256
524 0 0.0256410256410256
1012 0 0.0256410256410256
1018 0 0.0256410256410256
1506 0 0.0256410256410256
1512 0 0.0256410256410256
2000 0 0.0256410256410256
2006 0 0.0256410256410256
2494 0 0.0256410256410256
2500 0 0.0256410256410256
2988 0 0.0256410256410256
2994 0 0.0256410256410256
3482 0 0.0256410256410256
3488 0 0.0256410256410256
3976 0 0.0256410256410256
3982 0 0.0256410256410256
4470 0 0.0256410256410256
4476 0 0.0256410256410256
4964 0 0.0256410256410256
4970 0 0.0256410256410256
5458 0 0.0256410256410256
5464 0 0.0256410256410256
5952 0 0.0256410256410256
5958 0 0.0256410256410256
6446 0 0.0256410256410256
6452 0 0.0256410256410256
6940 0 0.0256410256410256
6946 0 0.0256410256410256
7434 0 0.0256410256410256
7440 0 0.0256410256410256
7928 0 0.0256410256410256
7934 0 0.0256410256410256
8422 0 0.0256410256410256
8428 0 0.0256410256410256
8916 0 0.0256410256410256
8922 0 0.0256410256410256
9410 0 0.0256410256410256
9416 0 0.0256410256410256
9904 0 0.0256410256410256
9910 0 0.0256410256410256
10398 0 0.0256410256410256
10404 0 0.0256410256410256
10892 0 0.0256410256410256
10898 0 0.0256410256410256
11386 0 0.0256410256410256
11392 0 0.0256410256410256
11880 0 0.0256410256410256
11886 0 0.0256410256410256
12374 0 0.0256410256410256
12380 0 0.0256410256410256
12868 0 0.0256410256410256
12874 0 0.0256410256410256
13362 0 0.0256410256410256
13368 0 0.0256410256410256
13856 0 0.0256410256410256
13862 0 0.0256410256410256
14350 0 0.0256410256410256
14356 0 0.0256410256410256
14821 0 -0.0512820512820513
14826 0 0.0256410256410256
14833 0 0.0256410256410256
14839 0 0.0256410256410256
14844 0 0.0256410256410256
15136 0 -0.0512820512820513
15141 0 0.0256410256410256
15148 0 0.0256410256410256
15154 0 0.0256410256410256
15159 0 0.0256410256410256
15451 0 -0.0512820512820513
15456 0 0.0256410256410256
15463 0 0.0256410256410256
15469 0 0.0256410256410256
15474 0 0.0256410256410256
15766 0 -0.0512820512820513
15771 0 0.0256410256410256
15778 0 0.0256410256410256
15784 0 0.0256410256410256
15789 0 0.0256410256410256
16081 0 -0.0512820512820513
16086 0 0.0256410256410256
16093 0 0.0256410256410256
16099 0 0.0256410256410256
16104 0 0.0256410256410256
16396 0 -0.0512820512820513
16401 0 0.0256410256410256
16408 0 0.0256410256410256
16414 0 0.0256410256410256
16419 0 0.0256410256410256
16711 0 -0.0512820512820513
16716 0 0.0256410256410256
16723 0 0.0256410256410256
16729 0 0.0256410256410256
16734 0 0.0256410256410256
17026 0 -0.0512820512820513
17031 0 0.0256410256410256
17038 0 0.0256410256410256
17044 0 0.0256410256410256
17049 0 0.0256410256410256
17341 0 -0.0512820512820513
17346 0 0.0256410256410256
17353 0 0.0256410256410256
17359 0 0.0256410256410256
17364 0 0.0256410256410256
17656 0 -0.0512820512820513
17661 0 0.0256410256410256
17668 0 0.0256410256410256
17674 0 0.0256410256410256
17679 0 0.0256410256410256
17971 0 -0.0512820512820513
17976 0 0.0256410256410256
17983 0 0.0256410256410256
17989 0 0.0256410256410256
17994 0 0.0256410256410256
18286 0 -0.0512820512820513
18291 0 0.0256410256410256
18298 0 0.0256410256410256
18304 0 0.0256410256410256
18309 0 0.0256410256410256
18601 0 -0.0512820512820513
18606 0 0.0256410256410256
18613 0 0.0256410256410256
18619 0 0.0256410256410256
18624 0 0.0256410256410256
18916 0 -0.0512820512820513
18921 0 0.0256410256410256
18928 0 0.0256410256410256
18934 0 0.0256410256410256
18939 0 0.0256410256410256
19231 0 -0.0512820512820513
19236 0 0.0256410256410256
19243 0 0.0256410256410256
19249 0 0.0256410256410256
19254 0 0.0256410256410256
19546 0 -0.0512820512820513
19551 0 0.0256410256410256
19558 0 0.0256410256410256
19564 0 0.0256410256410256
19569 0 0.0256410256410256
19861 0 -0.0512820512820513
19866 0 0.0256410256410256
19873 0 0.0256410256410256
19879 0 0.0256410256410256
19884 0 0.0256410256410256
20366 0 -0.0512820512820513
20371 0 0.0256410256410256
20378 0 0.0256410256410256
20384 0 0.0256410256410256
20389 0 0.0256410256410256
20871 0 -0.0512820512820513
20876 0 0.0256410256410256
20883 0 0.0256410256410256
20889 0 0.0256410256410256
20894 0 0.0256410256410256
22706 0 -0.0512820512820513
22711 0 0.0256410256410256
22718 0 0.0256410256410256
22724 0 0.0256410256410256
22729 0 0.0256410256410256
23021 0 -0.0512820512820513
23024 0 0.0256410256410256
23031 0 0.0256410256410256
23043 0 0.0256410256410256
23322 0 -0.0512820512820513
23326 0 0.0256410256410256
23333 0 0.0256410256410256
23339 0 0.0256410256410256
23347 0 0.0256410256410256
23633 0 -0.0512820512820513
23637 0 0.0256410256410256
23644 0 0.0256410256410256
23650 0 0.0256410256410256
23658 0 0.0256410256410256
23944 0 -0.0512820512820513
23948 0 0.0256410256410256
23955 0 0.0256410256410256
23961 0 0.0256410256410256
23969 0 0.0256410256410256
24255 0 -0.0512820512820513
24259 0 0.0256410256410256
24266 0 0.0256410256410256
24272 0 0.0256410256410256
24280 0 0.0256410256410256
24566 0 -0.0512820512820513
24570 0 0.0256410256410256
24577 0 0.0256410256410256
24583 0 0.0256410256410256
24591 0 0.0256410256410256
24877 0 -0.0512820512820513
24881 0 0.0256410256410256
24888 0 0.0256410256410256
24894 0 0.0256410256410256
24902 0 0.0256410256410256
25188 0 -0.0512820512820513
25193 0 0.0256410256410256
25200 0 0.0256410256410256
25206 0 0.0256410256410256
25211 0 0.0256410256410256
26479 0 0.0256410256410256
27285 0 -0.0512820512820513
27289 0 0.0256410256410256
27296 0 0.0256410256410256
27507 0 0.0256410256410256
27512 0 0.0256410256410256
35462 0 0.2564102564102564
35882 0 0.2564102564102564
36466 0 -0.5128205128205128
36474 0 0.2564102564102564
36482 0 0.2564102564102564
