0 163 1.0000000000000000
1 164 1.4142135623730954
2 165 1.0000000000000000
3 166 1.4142135623730954
4 167 1.4142135623730954
5 168 1.0000000000000000
6 169 1.4142135623730954
7 170 1.4142135623730954
8 171 1.4142135623730954
9 172 1.0000000000000000
10 173 1.4142135623730954
11 174 1.4142135623730954
12 175 1.4142135623730954
13 176 1.4142135623730954
14 177 1.0000000000000000
15 178 1.4142135623730954
16 179 1.4142135623730954
17 180 1.4142135623730954
18 181 1.4142135623730954
19 182 1.4142135623730954
20 183 1.0000000000000000
21 184 1.4142135623730954
22 185 1.4142135623730954
23 186 1.4142135623730954
24 187 1.4142135623730954
25 188 1.4142135623730954
26 189 1.4142135623730954
27 190 1.0000000000000000
28 191 1.4142135623730954
29 192 1.4142135623730954
30 193 1.4142135623730954
31 194 1.4142135623730954
32 195 1.4142135623730954
33 196 1.4142135623730954
34 197 1.4142135623730954
35 198 1.0000000000000000
36 199 1.4142135623730954
37 200 1.4142135623730954
38 201 1.4142135623730954
39 202 1.4142135623730954
40 203 1.4142135623730954
41 204 1.4142135623730954
42 205 1.4142135623730954
43 206 1.4142135623730954
44 207 1.0000000000000000
45 1 -0.3327565316304401
45 2 -0.0000002931907960
45 3 1.3310228738305665
46 19 -0.3327565316304401
46 20 -0.0000002931907960
46 21 1.3310228738305665
47 37 -0.3327565316304401
47 38 -0.0000002931907960
47 39 1.3310228738305665
48 55 -0.3327565316304401
48 56 -0.0000002931907960
48 57 1.3310228738305665
49 73 -0.3327565316304401
49 74 -0.0000002931907960
49 75 1.3310228738305665
50 91 -0.3327565316304401
50 92 -0.0000002931907960
50 93 1.3310228738305665
51 109 -0.3327565316304401
51 110 -0.0000002931907960
51 111 1.3310228738305665
52 127 -0.3327565316304401
52 128 -0.0000002931907960
52 129 1.3310228738305665
53 145 -0.3327565316304401
53 146 -0.0000002931907960
53 147 1.3310228738305665
54 0 1.0000000000000000
55 163 1.0000000000000000
56 164 1.4142135623730954
57 165 1.0000000000000000
58 166 1.4142135623730954
59 167 1.4142135623730954
60 168 1.0000000000000000
61 169 1.4142135623730954
62 170 1.4142135623730954
63 171 1.4142135623730954
64 172 1.0000000000000000
65 173 1.4142135623730954
66 174 1.4142135623730954
67 175 1.4142135623730954
68 176 1.4142135623730954
69 177 1.0000000000000000
70 178 1.4142135623730954
71 179 1.4142135623730954
72 180 1.4142135623730954
73 181 1.4142135623730954
74 182 1.4142135623730954
75 183 1.0000000000000000
76 184 1.4142135623730954
77 185 1.4142135623730954
78 186 1.4142135623730954
79 187 1.4142135623730954
80 188 1.4142135623730954
81 189 1.4142135623730954
82 190 1.0000000000000000
83 191 1.4142135623730954
84 192 1.4142135623730954
85 193 1.4142135623730954
86 194 1.4142135623730954
87 195 1.4142135623730954
88 196 1.4142135623730954
89 197 1.4142135623730954
90 198 1.0000000000000000
91 199 1.4142135623730954
92 200 1.4142135623730954
93 201 1.4142135623730954
94 202 1.4142135623730954
95 203 1.4142135623730954
96 204 1.4142135623730954
97 205 1.4142135623730954
98 206 1.4142135623730954
99 207 1.0000000000000000
100 4 -0.5870317058810539
100 5 0.2773004095236790
100 6 0.4269322654400580
101 22 -0.5870317058810539
101 23 0.2773004095236790
101 24 0.4269322654400580
102 40 -0.5870317058810539
102 41 0.2773004095236790
102 42 0.4269322654400580
103 58 -0.5870317058810539
103 59 0.2773004095236790
103 60 0.4269322654400580
104 76 -0.5870317058810539
104 77 0.2773004095236790
104 78 0.4269322654400580
105 94 -0.5870317058810539
105 95 0.2773004095236790
105 96 0.4269322654400580
106 112 -0.5870317058810539
106 113 0.2773004095236790
106 114 0.4269322654400580
107 130 -0.5870317058810539
107 131 0.2773004095236790
107 132 0.4269322654400580
108 148 -0.5870317058810539
108 149 0.2773004095236790
108 150 0.4269322654400580
109 0 1.0000000000000000
110 163 1.0000000000000000
111 164 1.4142135623730954
112 165 1.0000000000000000
113 166 1.4142135623730954
114 167 1.4142135623730954
115 168 1.0000000000000000
116 169 1.4142135623730954
117 170 1.4142135623730954
118 171 1.4142135623730954
119 172 1.0000000000000000
120 173 1.4142135623730954
121 174 1.4142135623730954
122 175 1.4142135623730954
123 176 1.4142135623730954
124 177 1.0000000000000000
125 178 1.4142135623730954
126 179 1.4142135623730954
127 180 1.4142135623730954
128 181 1.4142135623730954
129 182 1.4142135623730954
130 183 1.0000000000000000
131 184 1.4142135623730954
132 185 1.4142135623730954
133 186 1.4142135623730954
134 187 1.4142135623730954
135 188 1.4142135623730954
136 189 1.4142135623730954
137 190 1.0000000000000000
138 191 1.4142135623730954
139 192 1.4142135623730954
140 193 1.4142135623730954
141 194 1.4142135623730954
142 195 1.4142135623730954
143 196 1.4142135623730954
144 197 1.4142135623730954
145 198 1.0000000000000000
146 199 1.4142135623730954
147 200 1.4142135623730954
148 201 1.4142135623730954
149 202 1.4142135623730954
150 203 1.4142135623730954
151 204 1.4142135623730954
152 205 1.4142135623730954
153 206 1.4142135623730954
154 207 1.0000000000000000
155 7 -0.5870319887237664
155 8 -0.2773005509450352
155 9 0.4269322654400580
156 25 -0.5870319887237664
156 26 -0.2773005509450352
156 27 0.4269322654400580
157 43 -0.5870319887237664
157 44 -0.2773005509450352
157 45 0.4269322654400580
158 61 -0.5870319887237664
158 62 -0.2773005509450352
158 63 0.4269322654400580
159 79 -0.5870319887237664
159 80 -0.2773005509450352
159 81 0.4269322654400580
160 97 -0.5870319887237664
160 98 -0.2773005509450352
160 99 0.4269322654400580
161 115 -0.5870319887237664
161 116 -0.2773005509450352
161 117 0.4269322654400580
162 133 -0.5870319887237664
162 134 -0.2773005509450352
162 135 0.4269322654400580
163 151 -0.5870319887237664
163 152 -0.2773005509450352
163 153 0.4269322654400580
164 0 1.0000000000000000
165 163 1.0000000000000000
166 164 1.4142135623730954
167 165 1.0000000000000000
168 166 1.4142135623730954
169 167 1.4142135623730954
170 168 1.0000000000000000
171 169 1.4142135623730954
172 170 1.4142135623730954
173 171 1.4142135623730954
174 172 1.0000000000000000
175 173 1.4142135623730954
176 174 1.4142135623730954
177 175 1.4142135623730954
178 176 1.4142135623730954
179 177 1.0000000000000000
180 178 1.4142135623730954
181 179 1.4142135623730954
182 180 1.4142135623730954
183 181 1.4142135623730954
184 182 1.4142135623730954
185 183 1.0000000000000000
186 184 1.4142135623730954
187 185 1.4142135623730954
188 186 1.4142135623730954
189 187 1.4142135623730954
190 188 1.4142135623730954
191 189 1.4142135623730954
192 190 1.0000000000000000
193 191 1.4142135623730954
194 192 1.4142135623730954
195 193 1.4142135623730954
196 194 1.4142135623730954
197 195 1.4142135623730954
198 196 1.4142135623730954
199 197 1.4142135623730954
200 198 1.0000000000000000
201 199 1.4142135623730954
202 200 1.4142135623730954
203 201 1.4142135623730954
204 202 1.4142135623730954
205 203 1.4142135623730954
206 204 1.4142135623730954
207 205 1.4142135623730954
208 206 1.4142135623730954
209 207 1.0000000000000000
210 10 -0.1663781243938638
210 11 -0.0000000585976278
210 12 0.6655117904686738
211 28 -0.1663781243938638
211 29 -0.0000000585976278
211 30 0.6655117904686738
212 46 -0.1663781243938638
212 47 -0.0000000585976278
212 48 0.6655117904686738
213 64 -0.1663781243938638
213 65 -0.0000000585976278
213 66 0.6655117904686738
214 82 -0.1663781243938638
214 83 -0.0000000585976278
214 84 0.6655117904686738
215 100 -0.1663781243938638
215 101 -0.0000000585976278
215 102 0.6655117904686738
216 118 -0.1663781243938638
216 119 -0.0000000585976278
216 120 0.6655117904686738
217 136 -0.1663781243938638
217 137 -0.0000000585976278
217 138 0.6655117904686738
218 154 -0.1663781243938638
218 155 -0.0000000585976278
218 156 0.6655117904686738
219 0 1.0000000000000000
220 163 1.0000000000000000
221 164 1.4142135623730954
222 165 1.0000000000000000
223 166 1.4142135623730954
224 167 1.4142135623730954
225 168 1.0000000000000000
226 169 1.4142135623730954
227 170 1.4142135623730954
228 171 1.4142135623730954
229 172 1.0000000000000000
230 173 1.4142135623730954
231 174 1.4142135623730954
232 175 1.4142135623730954
233 176 1.4142135623730954
234 177 1.0000000000000000
235 178 1.4142135623730954
236 179 1.4142135623730954
237 180 1.4142135623730954
238 181 1.4142135623730954
239 182 1.4142135623730954
240 183 1.0000000000000000
241 184 1.4142135623730954
242 185 1.4142135623730954
243 186 1.4142135623730954
244 187 1.4142135623730954
245 188 1.4142135623730954
246 189 1.4142135623730954
247 190 1.0000000000000000
248 191 1.4142135623730954
249 192 1.4142135623730954
250 193 1.4142135623730954
251 194 1.4142135623730954
252 195 1.4142135623730954
253 196 1.4142135623730954
254 197 1.4142135623730954
255 198 1.0000000000000000
256 199 1.4142135623730954
257 200 1.4142135623730954
258 201 1.4142135623730954
259 202 1.4142135623730954
260 203 1.4142135623730954
261 204 1.4142135623730954
262 205 1.4142135623730954
263 206 1.4142135623730954
264 207 1.0000000000000000
265 13 -0.3074377248019183
265 14 0.1064994594927139
265 15 0.4919001051246281
266 31 -0.3074377248019183
266 32 0.1064994594927139
266 33 0.4919001051246281
267 49 -0.3074377248019183
267 50 0.1064994594927139
267 51 0.4919001051246281
268 67 -0.3074377248019183
268 68 0.1064994594927139
268 69 0.4919001051246281
269 85 -0.3074377248019183
269 86 0.1064994594927139
269 87 0.4919001051246281
270 103 -0.3074377248019183
270 104 0.1064994594927139
270 105 0.4919001051246281
271 121 -0.3074377248019183
271 122 0.1064994594927139
271 123 0.4919001051246281
272 139 -0.3074377248019183
272 140 0.1064994594927139
272 141 0.4919001051246281
273 157 -0.3074377248019183
273 158 0.1064994594927139
273 159 0.4919001051246281
274 0 1.0000000000000000
275 163 1.0000000000000000
276 164 1.4142135623730954
277 165 1.0000000000000000
278 166 1.4142135623730954
279 167 1.4142135623730954
280 168 1.0000000000000000
281 169 1.4142135623730954
282 170 1.4142135623730954
283 171 1.4142135623730954
284 172 1.0000000000000000
285 173 1.4142135623730954
286 174 1.4142135623730954
287 175 1.4142135623730954
288 176 1.4142135623730954
289 177 1.0000000000000000
290 178 1.4142135623730954
291 179 1.4142135623730954
292 180 1.4142135623730954
293 181 1.4142135623730954
294 182 1.4142135623730954
295 183 1.0000000000000000
296 184 1.4142135623730954
297 185 1.4142135623730954
298 186 1.4142135623730954
299 187 1.4142135623730954
300 188 1.4142135623730954
301 189 1.4142135623730954
302 190 1.0000000000000000
303 191 1.4142135623730954
304 192 1.4142135623730954
305 193 1.4142135623730954
306 194 1.4142135623730954
307 195 1.4142135623730954
308 196 1.4142135623730954
309 197 1.4142135623730954
310 198 1.0000000000000000
311 199 1.4142135623730954
312 200 1.4142135623730954
313 201 1.4142135623730954
314 202 1.4142135623730954
315 203 1.4142135623730954
316 204 1.4142135623730954
317 205 1.4142135623730954
318 206 1.4142135623730954
319 207 1.0000000000000000
320 16 -0.3074373005378496
320 17 -0.1064994029241714
320 18 0.4919001051246281
321 34 -0.3074373005378496
321 35 -0.1064994029241714
321 36 0.4919001051246281
322 52 -0.3074373005378496
322 53 -0.1064994029241714
322 54 0.4919001051246281
323 70 -0.3074373005378496
323 71 -0.1064994029241714
323 72 0.4919001051246281
324 88 -0.3074373005378496
324 89 -0.1064994029241714
324 90 0.4919001051246281
325 106 -0.3074373005378496
325 107 -0.1064994029241714
325 108 0.4919001051246281
326 124 -0.3074373005378496
326 125 -0.1064994029241714
326 126 0.4919001051246281
327 142 -0.3074373005378496
327 143 -0.1064994029241714
327 144 0.4919001051246281
328 160 -0.3074373005378496
328 161 -0.1064994029241714
328 162 0.4919001051246281
329 0 1.0000000000000000
330 163 1.0000000000000000
331 164 1.4142135623730954
332 165 1.0000000000000000
333 166 1.4142135623730954
334 167 1.4142135623730954
335 168 1.0000000000000000
336 169 1.4142135623730954
337 170 1.4142135623730954
338 171 1.4142135623730954
339 172 1.0000000000000000
340 173 1.4142135623730954
341 174 1.4142135623730954
342 175 1.4142135623730954
343 176 1.4142135623730954
344 177 1.0000000000000000
345 178 1.4142135623730954
346 179 1.4142135623730954
347 180 1.4142135623730954
348 181 1.4142135623730954
349 182 1.4142135623730954
350 183 1.0000000000000000
351 184 1.4142135623730954
352 185 1.4142135623730954
353 186 1.4142135623730954
354 187 1.4142135623730954
355 188 1.4142135623730954
356 189 1.4142135623730954
357 190 1.0000000000000000
358 191 1.4142135623730954
359 192 1.4142135623730954
360 193 1.4142135623730954
361 194 1.4142135623730954
362 195 1.4142135623730954
363 196 1.4142135623730954
364 197 1.4142135623730954
365 198 1.0000000000000000
366 199 1.4142135623730954
367 200 1.4142135623730954
368 201 1.4142135623730954
369 202 1.4142135623730954
370 203 1.4142135623730954
371 204 1.4142135623730954
372 205 1.4142135623730954
373 206 1.4142135623730954
374 207 1.0000000000000000
375 1 0.5336653671554115
375 2 -0.3697343979098781
375 3 0.4269325482827703
376 19 0.5336653671554115
376 20 -0.3697343979098781
376 21 0.4269325482827703
377 37 0.5336653671554115
377 38 -0.3697343979098781
377 39 0.4269325482827703
378 55 0.5336653671554115
378 56 -0.3697343979098781
378 57 0.4269325482827703
379 73 0.5336653671554115
379 74 -0.3697343979098781
379 75 0.4269325482827703
380 91 0.5336653671554115
380 92 -0.3697343979098781
380 93 0.4269325482827703
381 109 0.5336653671554115
381 110 -0.3697343979098781
381 111 0.4269325482827703
382 127 0.5336653671554115
382 128 -0.3697343979098781
382 129 0.4269325482827703
383 145 0.5336653671554115
383 146 -0.3697343979098781
383 147 0.4269325482827703
384 0 1.0000000000000000
385 163 1.0000000000000000
386 164 1.4142135623730954
387 165 1.0000000000000000
388 166 1.4142135623730954
389 167 1.4142135623730954
390 168 1.0000000000000000
391 169 1.4142135623730954
392 170 1.4142135623730954
393 171 1.4142135623730954
394 172 1.0000000000000000
395 173 1.4142135623730954
396 174 1.4142135623730954
397 175 1.4142135623730954
398 176 1.4142135623730954
399 177 1.0000000000000000
400 178 1.4142135623730954
401 179 1.4142135623730954
402 180 1.4142135623730954
403 181 1.4142135623730954
404 182 1.4142135623730954
405 183 1.0000000000000000
406 184 1.4142135623730954
407 185 1.4142135623730954
408 186 1.4142135623730954
409 187 1.4142135623730954
410 188 1.4142135623730954
411 189 1.4142135623730954
412 190 1.0000000000000000
413 191 1.4142135623730954
414 192 1.4142135623730954
415 193 1.4142135623730954
416 194 1.4142135623730954
417 195 1.4142135623730954
418 196 1.4142135623730954
419 197 1.4142135623730954
420 198 1.0000000000000000
421 199 1.4142135623730954
422 200 1.4142135623730954
423 201 1.4142135623730954
424 202 1.4142135623730954
425 203 1.4142135623730954
426 204 1.4142135623730954
427 205 1.4142135623730954
428 206 1.4142135623730954
429 207 1.0000000000000000
430 4 0.1663774172870826
430 5 -0.2881750047115468
430 6 1.3310242880441288
431 22 0.1663774172870826
431 23 -0.2881750047115468
431 24 1.3310242880441288
432 40 0.1663774172870826
432 41 -0.2881750047115468
432 42 1.3310242880441288
433 58 0.1663774172870826
433 59 -0.2881750047115468
433 60 1.3310242880441288
434 76 0.1663774172870826
434 77 -0.2881750047115468
434 78 1.3310242880441288
435 94 0.1663774172870826
435 95 -0.2881750047115468
435 96 1.3310242880441288
436 112 0.1663774172870826
436 113 -0.2881750047115468
436 114 1.3310242880441288
437 130 0.1663774172870826
437 131 -0.2881750047115468
437 132 1.3310242880441288
438 148 0.1663774172870826
438 149 -0.2881750047115468
438 150 1.3310242880441288
439 0 1.0000000000000000
440 163 1.0000000000000000
441 164 1.4142135623730954
442 165 1.0000000000000000
443 166 1.4142135623730954
444 167 1.4142135623730954
445 168 1.0000000000000000
446 169 1.4142135623730954
447 170 1.4142135623730954
448 171 1.4142135623730954
449 172 1.0000000000000000
450 173 1.4142135623730954
451 174 1.4142135623730954
452 175 1.4142135623730954
453 176 1.4142135623730954
454 177 1.0000000000000000
455 178 1.4142135623730954
456 179 1.4142135623730954
457 180 1.4142135623730954
458 181 1.4142135623730954
459 182 1.4142135623730954
460 183 1.0000000000000000
461 184 1.4142135623730954
462 185 1.4142135623730954
463 186 1.4142135623730954
464 187 1.4142135623730954
465 188 1.4142135623730954
466 189 1.4142135623730954
467 190 1.0000000000000000
468 191 1.4142135623730954
469 192 1.4142135623730954
470 193 1.4142135623730954
471 194 1.4142135623730954
472 195 1.4142135623730954
473 196 1.4142135623730954
474 197 1.4142135623730954
475 198 1.0000000000000000
476 199 1.4142135623730954
477 200 1.4142135623730954
478 201 1.4142135623730954
479 202 1.4142135623730954
480 203 1.4142135623730954
481 204 1.4142135623730954
482 205 1.4142135623730954
483 206 1.4142135623730954
484 207 1.0000000000000000
485 7 0.0533664942891343
485 8 -0.6470352316976258
485 9 0.4269324068614141
486 25 0.0533664942891343
486 26 -0.6470352316976258
486 27 0.4269324068614141
487 43 0.0533664942891343
487 44 -0.6470352316976258
487 45 0.4269324068614141
488 61 0.0533664942891343
488 62 -0.6470352316976258
488 63 0.4269324068614141
489 79 0.0533664942891343
489 80 -0.6470352316976258
489 81 0.4269324068614141
490 97 0.0533664942891343
490 98 -0.6470352316976258
490 99 0.4269324068614141
491 115 0.0533664942891343
491 116 -0.6470352316976258
491 117 0.4269324068614141
492 133 0.0533664942891343
492 134 -0.6470352316976258
492 135 0.4269324068614141
493 151 0.0533664942891343
493 152 -0.6470352316976258
493 153 0.4269324068614141
494 0 1.0000000000000000
495 163 1.0000000000000000
496 164 1.4142135623730954
497 165 1.0000000000000000
498 166 1.4142135623730954
499 167 1.4142135623730954
500 168 1.0000000000000000
501 169 1.4142135623730954
502 170 1.4142135623730954
503 171 1.4142135623730954
504 172 1.0000000000000000
505 173 1.4142135623730954
506 174 1.4142135623730954
507 175 1.4142135623730954
508 176 1.4142135623730954
509 177 1.0000000000000000
510 178 1.4142135623730954
511 179 1.4142135623730954
512 180 1.4142135623730954
513 181 1.4142135623730954
514 182 1.4142135623730954
515 183 1.0000000000000000
516 184 1.4142135623730954
517 185 1.4142135623730954
518 186 1.4142135623730954
519 187 1.4142135623730954
520 188 1.4142135623730954
521 189 1.4142135623730954
522 190 1.0000000000000000
523 191 1.4142135623730954
524 192 1.4142135623730954
525 193 1.4142135623730954
526 194 1.4142135623730954
527 195 1.4142135623730954
528 196 1.4142135623730954
529 197 1.4142135623730954
530 198 1.0000000000000000
531 199 1.4142135623730954
532 200 1.4142135623730954
533 201 1.4142135623730954
534 202 1.4142135623730954
535 203 1.4142135623730954
536 204 1.4142135623730954
537 205 1.4142135623730954
538 206 1.4142135623730954
539 207 1.0000000000000000
540 10 0.2459499818516359
540 11 -0.2129989472696990
540 12 0.4919003879673405
541 28 0.2459499818516359
541 29 -0.2129989472696990
541 30 0.4919003879673405
542 46 0.2459499818516359
542 47 -0.2129989472696990
542 48 0.4919003879673405
543 64 0.2459499818516359
543 65 -0.2129989472696990
543 66 0.4919003879673405
544 82 0.2459499818516359
544 83 -0.2129989472696990
544 84 0.4919003879673405
545 100 0.2459499818516359
545 101 -0.2129989472696990
545 102 0.4919003879673405
546 118 0.2459499818516359
546 119 -0.2129989472696990
546 120 0.4919003879673405
547 136 0.2459499818516359
547 137 -0.2129989472696990
547 138 0.4919003879673405
548 154 0.2459499818516359
548 155 -0.2129989472696990
548 156 0.4919003879673405
549 0 1.0000000000000000
550 163 1.0000000000000000
551 164 1.4142135623730954
552 165 1.0000000000000000
553 166 1.4142135623730954
554 167 1.4142135623730954
555 168 1.0000000000000000
556 169 1.4142135623730954
557 170 1.4142135623730954
558 171 1.4142135623730954
559 172 1.0000000000000000
560 173 1.4142135623730954
561 174 1.4142135623730954
562 175 1.4142135623730954
563 176 1.4142135623730954
564 177 1.0000000000000000
565 178 1.4142135623730954
566 179 1.4142135623730954
567 180 1.4142135623730954
568 181 1.4142135623730954
569 182 1.4142135623730954
570 183 1.0000000000000000
571 184 1.4142135623730954
572 185 1.4142135623730954
573 186 1.4142135623730954
574 187 1.4142135623730954
575 188 1.4142135623730954
576 189 1.4142135623730954
577 190 1.0000000000000000
578 191 1.4142135623730954
579 192 1.4142135623730954
580 193 1.4142135623730954
581 194 1.4142135623730954
582 195 1.4142135623730954
583 196 1.4142135623730954
584 197 1.4142135623730954
585 198 1.0000000000000000
586 199 1.4142135623730954
587 200 1.4142135623730954
588 201 1.4142135623730954
589 202 1.4142135623730954
590 203 1.4142135623730954
591 204 1.4142135623730954
592 205 1.4142135623730954
593 206 1.4142135623730954
594 207 1.0000000000000000
595 13 0.0831889632019825
595 14 -0.1440875730664515
595 15 0.6655122147327427
596 31 0.0831889632019825
596 32 -0.1440875730664515
596 33 0.6655122147327427
597 49 0.0831889632019825
597 50 -0.1440875730664515
597 51 0.6655122147327427
598 67 0.0831889632019825
598 68 -0.1440875730664515
598 69 0.6655122147327427
599 85 0.0831889632019825
599 86 -0.1440875730664515
599 87 0.6655122147327427
600 103 0.0831889632019825
600 104 -0.1440875730664515
600 105 0.6655122147327427
601 121 0.0831889632019825
601 122 -0.1440875730664515
601 123 0.6655122147327427
602 139 0.0831889632019825
602 140 -0.1440875730664515
602 141 0.6655122147327427
603 157 0.0831889632019825
603 158 -0.1440875730664515
603 159 0.6655122147327427
604 0 1.0000000000000000
605 163 1.0000000000000000
606 164 1.4142135623730954
607 165 1.0000000000000000
608 166 1.4142135623730954
609 167 1.4142135623730954
610 168 1.0000000000000000
611 169 1.4142135623730954
612 170 1.4142135623730954
613 171 1.4142135623730954
614 172 1.0000000000000000
615 173 1.4142135623730954
616 174 1.4142135623730954
617 175 1.4142135623730954
618 176 1.4142135623730954
619 177 1.0000000000000000
620 178 1.4142135623730954
621 179 1.4142135623730954
622 180 1.4142135623730954
623 181 1.4142135623730954
624 182 1.4142135623730954
625 183 1.0000000000000000
626 184 1.4142135623730954
627 185 1.4142135623730954
628 186 1.4142135623730954
629 187 1.4142135623730954
630 188 1.4142135623730954
631 189 1.4142135623730954
632 190 1.0000000000000000
633 191 1.4142135623730954
634 192 1.4142135623730954
635 193 1.4142135623730954
636 194 1.4142135623730954
637 195 1.4142135623730954
638 196 1.4142135623730954
639 197 1.4142135623730954
640 198 1.0000000000000000
641 199 1.4142135623730954
642 200 1.4142135623730954
643 201 1.4142135623730954
644 202 1.4142135623730954
645 203 1.4142135623730954
646 204 1.4142135623730954
647 205 1.4142135623730954
648 206 1.4142135623730954
649 207 1.0000000000000000
650 16 0.0614875591025193
650 17 -0.3194982794831923
650 18 0.4919002465459843
651 34 0.0614875591025193
651 35 -0.3194982794831923
651 36 0.4919002465459843
652 52 0.0614875591025193
652 53 -0.3194982794831923
652 54 0.4919002465459843
653 70 0.0614875591025193
653 71 -0.3194982794831923
653 72 0.4919002465459843
654 88 0.0614875591025193
654 89 -0.3194982794831923
654 90 0.4919002465459843
655 106 0.0614875591025193
655 107 -0.3194982794831923
655 108 0.4919002465459843
656 124 0.0614875591025193
656 125 -0.3194982794831923
656 126 0.4919002465459843
657 142 0.0614875591025193
657 143 -0.3194982794831923
657 144 0.4919002465459843
658 160 0.0614875591025193
658 161 -0.3194982794831923
658 162 0.4919002465459843
659 0 1.0000000000000000
660 163 1.0000000000000000
661 164 1.4142135623730954
662 165 1.0000000000000000
663 166 1.4142135623730954
664 167 1.4142135623730954
665 168 1.0000000000000000
666 169 1.4142135623730954
667 170 1.4142135623730954
668 171 1.4142135623730954
669 172 1.0000000000000000
670 173 1.4142135623730954
671 174 1.4142135623730954
672 175 1.4142135623730954
673 176 1.4142135623730954
674 177 1.0000000000000000
675 178 1.4142135623730954
676 179 1.4142135623730954
677 180 1.4142135623730954
678 181 1.4142135623730954
679 182 1.4142135623730954
680 183 1.0000000000000000
681 184 1.4142135623730954
682 185 1.4142135623730954
683 186 1.4142135623730954
684 187 1.4142135623730954
685 188 1.4142135623730954
686 189 1.4142135623730954
687 190 1.0000000000000000
688 191 1.4142135623730954
689 192 1.4142135623730954
690 193 1.4142135623730954
691 194 1.4142135623730954
692 195 1.4142135623730954
693 196 1.4142135623730954
694 197 1.4142135623730954
695 198 1.0000000000000000
696 199 1.4142135623730954
697 200 1.4142135623730954
698 201 1.4142135623730954
699 202 1.4142135623730954
700 203 1.4142135623730954
701 204 1.4142135623730954
702 205 1.4142135623730954
703 206 1.4142135623730954
704 207 1.0000000000000000
705 1 0.5336653671554115
705 2 0.3697342564885218
705 3 0.4269325482827703
706 19 0.5336653671554115
706 20 0.3697342564885218
706 21 0.4269325482827703
707 37 0.5336653671554115
707 38 0.3697342564885218
707 39 0.4269325482827703
708 55 0.5336653671554115
708 56 0.3697342564885218
708 57 0.4269325482827703
709 73 0.5336653671554115
709 74 0.3697342564885218
709 75 0.4269325482827703
710 91 0.5336653671554115
710 92 0.3697342564885218
710 93 0.4269325482827703
711 109 0.5336653671554115
711 110 0.3697342564885218
711 111 0.4269325482827703
712 127 0.5336653671554115
712 128 0.3697342564885218
712 129 0.4269325482827703
713 145 0.5336653671554115
713 146 0.3697342564885218
713 147 0.4269325482827703
714 0 1.0000000000000000
715 163 1.0000000000000000
716 164 1.4142135623730954
717 165 1.0000000000000000
718 166 1.4142135623730954
719 167 1.4142135623730954
720 168 1.0000000000000000
721 169 1.4142135623730954
722 170 1.4142135623730954
723 171 1.4142135623730954
724 172 1.0000000000000000
725 173 1.4142135623730954
726 174 1.4142135623730954
727 175 1.4142135623730954
728 176 1.4142135623730954
729 177 1.0000000000000000
730 178 1.4142135623730954
731 179 1.4142135623730954
732 180 1.4142135623730954
733 181 1.4142135623730954
734 182 1.4142135623730954
735 183 1.0000000000000000
736 184 1.4142135623730954
737 185 1.4142135623730954
738 186 1.4142135623730954
739 187 1.4142135623730954
740 188 1.4142135623730954
741 189 1.4142135623730954
742 190 1.0000000000000000
743 191 1.4142135623730954
744 192 1.4142135623730954
745 193 1.4142135623730954
746 194 1.4142135623730954
747 195 1.4142135623730954
748 196 1.4142135623730954
749 197 1.4142135623730954
750 198 1.0000000000000000
751 199 1.4142135623730954
752 200 1.4142135623730954
753 201 1.4142135623730954
754 202 1.4142135623730954
755 203 1.4142135623730954
756 204 1.4142135623730954
757 205 1.4142135623730954
758 206 1.4142135623730954
759 207 1.0000000000000000
760 4 0.0533663387256424
760 5 0.6470349488549133
760 6 0.4269324068614141
761 22 0.0533663387256424
761 23 0.6470349488549133
761 24 0.4269324068614141
762 40 0.0533663387256424
762 41 0.6470349488549133
762 42 0.4269324068614141
763 58 0.0533663387256424
763 59 0.6470349488549133
763 60 0.4269324068614141
764 76 0.0533663387256424
764 77 0.6470349488549133
764 78 0.4269324068614141
765 94 0.0533663387256424
765 95 0.6470349488549133
765 96 0.4269324068614141
766 112 0.0533663387256424
766 113 0.6470349488549133
766 114 0.4269324068614141
767 130 0.0533663387256424
767 131 0.6470349488549133
767 132 0.4269324068614141
768 148 0.0533663387256424
768 149 0.6470349488549133
768 150 0.4269324068614141
769 0 1.0000000000000000
770 163 1.0000000000000000
771 164 1.4142135623730954
772 165 1.0000000000000000
773 166 1.4142135623730954
774 167 1.4142135623730954
775 168 1.0000000000000000
776 169 1.4142135623730954
777 170 1.4142135623730954
778 171 1.4142135623730954
779 172 1.0000000000000000
780 173 1.4142135623730954
781 174 1.4142135623730954
782 175 1.4142135623730954
783 176 1.4142135623730954
784 177 1.0000000000000000
785 178 1.4142135623730954
786 179 1.4142135623730954
787 180 1.4142135623730954
788 181 1.4142135623730954
789 182 1.4142135623730954
790 183 1.0000000000000000
791 184 1.4142135623730954
792 185 1.4142135623730954
793 186 1.4142135623730954
794 187 1.4142135623730954
795 188 1.4142135623730954
796 189 1.4142135623730954
797 190 1.0000000000000000
798 191 1.4142135623730954
799 192 1.4142135623730954
800 193 1.4142135623730954
801 194 1.4142135623730954
802 195 1.4142135623730954
803 196 1.4142135623730954
804 197 1.4142135623730954
805 198 1.0000000000000000
806 199 1.4142135623730954
807 200 1.4142135623730954
808 201 1.4142135623730954
809 202 1.4142135623730954
810 203 1.4142135623730954
811 204 1.4142135623730954
812 205 1.4142135623730954
813 206 1.4142135623730954
814 207 1.0000000000000000
815 7 0.1663778415511513
815 8 0.2881757118183280
815 9 1.3310247123081980
816 25 0.1663778415511513
816 26 0.2881757118183280
816 27 1.3310247123081980
817 43 0.1663778415511513
817 44 0.2881757118183280
817 45 1.3310247123081980
818 61 0.1663778415511513
818 62 0.2881757118183280
818 63 1.3310247123081980
819 79 0.1663778415511513
819 80 0.2881757118183280
819 81 1.3310247123081980
820 97 0.1663778415511513
820 98 0.2881757118183280
820 99 1.3310247123081980
821 115 0.1663778415511513
821 116 0.2881757118183280
821 117 1.3310247123081980
822 133 0.1663778415511513
822 134 0.2881757118183280
822 135 1.3310247123081980
823 151 0.1663778415511513
823 152 0.2881757118183280
823 153 1.3310247123081980
824 0 1.0000000000000000
825 163 1.0000000000000000
826 164 1.4142135623730954
827 165 1.0000000000000000
828 166 1.4142135623730954
829 167 1.4142135623730954
830 168 1.0000000000000000
831 169 1.4142135623730954
832 170 1.4142135623730954
833 171 1.4142135623730954
834 172 1.0000000000000000
835 173 1.4142135623730954
836 174 1.4142135623730954
837 175 1.4142135623730954
838 176 1.4142135623730954
839 177 1.0000000000000000
840 178 1.4142135623730954
841 179 1.4142135623730954
842 180 1.4142135623730954
843 181 1.4142135623730954
844 182 1.4142135623730954
845 183 1.0000000000000000
846 184 1.4142135623730954
847 185 1.4142135623730954
848 186 1.4142135623730954
849 187 1.4142135623730954
850 188 1.4142135623730954
851 189 1.4142135623730954
852 190 1.0000000000000000
853 191 1.4142135623730954
854 192 1.4142135623730954
855 193 1.4142135623730954
856 194 1.4142135623730954
857 195 1.4142135623730954
858 196 1.4142135623730954
859 197 1.4142135623730954
860 198 1.0000000000000000
861 199 1.4142135623730954
862 200 1.4142135623730954
863 201 1.4142135623730954
864 202 1.4142135623730954
865 203 1.4142135623730954
866 204 1.4142135623730954
867 205 1.4142135623730954
868 206 1.4142135623730954
869 207 1.0000000000000000
870 10 0.2459499818516359
870 11 0.2129989472696990
870 12 0.4919003879673405
871 28 0.2459499818516359
871 29 0.2129989472696990
871 30 0.4919003879673405
872 46 0.2459499818516359
872 47 0.2129989472696990
872 48 0.4919003879673405
873 64 0.2459499818516359
873 65 0.2129989472696990
873 66 0.4919003879673405
874 82 0.2459499818516359
874 83 0.2129989472696990
874 84 0.4919003879673405
875 100 0.2459499818516359
875 101 0.2129989472696990
875 102 0.4919003879673405
876 118 0.2459499818516359
876 119 0.2129989472696990
876 120 0.4919003879673405
877 136 0.2459499818516359
877 137 0.2129989472696990
877 138 0.4919003879673405
878 154 0.2459499818516359
878 155 0.2129989472696990
878 156 0.4919003879673405
879 0 1.0000000000000000
880 163 1.0000000000000000
881 164 1.4142135623730954
882 165 1.0000000000000000
883 166 1.4142135623730954
884 167 1.4142135623730954
885 168 1.0000000000000000
886 169 1.4142135623730954
887 170 1.4142135623730954
888 171 1.4142135623730954
889 172 1.0000000000000000
890 173 1.4142135623730954
891 174 1.4142135623730954
892 175 1.4142135623730954
893 176 1.4142135623730954
894 177 1.0000000000000000
895 178 1.4142135623730954
896 179 1.4142135623730954
897 180 1.4142135623730954
898 181 1.4142135623730954
899 182 1.4142135623730954
900 183 1.0000000000000000
901 184 1.4142135623730954
902 185 1.4142135623730954
903 186 1.4142135623730954
904 187 1.4142135623730954
905 188 1.4142135623730954
906 189 1.4142135623730954
907 190 1.0000000000000000
908 191 1.4142135623730954
909 192 1.4142135623730954
910 193 1.4142135623730954
911 194 1.4142135623730954
912 195 1.4142135623730954
913 196 1.4142135623730954
914 197 1.4142135623730954
915 198 1.0000000000000000
916 199 1.4142135623730954
917 200 1.4142135623730954
918 201 1.4142135623730954
919 202 1.4142135623730954
920 203 1.4142135623730954
921 204 1.4142135623730954
922 205 1.4142135623730954
923 206 1.4142135623730954
924 207 1.0000000000000000
925 13 0.0614874883918412
925 14 0.3194985623259047
925 15 0.4919003879673405
926 31 0.0614874883918412
926 32 0.3194985623259047
926 33 0.4919003879673405
927 49 0.0614874883918412
927 50 0.3194985623259047
927 51 0.4919003879673405
928 67 0.0614874883918412
928 68 0.3194985623259047
928 69 0.4919003879673405
929 85 0.0614874883918412
929 86 0.3194985623259047
929 87 0.4919003879673405
930 103 0.0614874883918412
930 104 0.3194985623259047
930 105 0.4919003879673405
931 121 0.0614874883918412
931 122 0.3194985623259047
931 123 0.4919003879673405
932 139 0.0614874883918412
932 140 0.3194985623259047
932 141 0.4919003879673405
933 157 0.0614874883918412
933 158 0.3194985623259047
933 159 0.4919003879673405
934 0 1.0000000000000000
935 163 1.0000000000000000
936 164 1.4142135623730954
937 165 1.0000000000000000
938 166 1.4142135623730954
939 167 1.4142135623730954
940 168 1.0000000000000000
941 169 1.4142135623730954
942 170 1.4142135623730954
943 171 1.4142135623730954
944 172 1.0000000000000000
945 173 1.4142135623730954
946 174 1.4142135623730954
947 175 1.4142135623730954
948 176 1.4142135623730954
949 177 1.0000000000000000
950 178 1.4142135623730954
951 179 1.4142135623730954
952 180 1.4142135623730954
953 181 1.4142135623730954
954 182 1.4142135623730954
955 183 1.0000000000000000
956 184 1.4142135623730954
957 185 1.4142135623730954
958 186 1.4142135623730954
959 187 1.4142135623730954
960 188 1.4142135623730954
961 189 1.4142135623730954
962 190 1.0000000000000000
963 191 1.4142135623730954
964 192 1.4142135623730954
965 193 1.4142135623730954
966 194 1.4142135623730954
967 195 1.4142135623730954
968 196 1.4142135623730954
969 197 1.4142135623730954
970 198 1.0000000000000000
971 199 1.4142135623730954
972 200 1.4142135623730954
973 201 1.4142135623730954
974 202 1.4142135623730954
975 203 1.4142135623730954
976 204 1.4142135623730954
977 205 1.4142135623730954
978 206 1.4142135623730954
979 207 1.0000000000000000
980 16 0.0831890056283894
980 17 0.1440875730664515
980 18 0.6655117904686738
981 34 0.0831890056283894
981 35 0.1440875730664515
981 36 0.6655117904686738
982 52 0.0831890056283894
982 53 0.1440875730664515
982 54 0.6655117904686738
983 70 0.0831890056283894
983 71 0.1440875730664515
983 72 0.6655117904686738
984 88 0.0831890056283894
984 89 0.1440875730664515
984 90 0.6655117904686738
985 106 0.0831890056283894
985 107 0.1440875730664515
985 108 0.6655117904686738
986 124 0.0831890056283894
986 125 0.1440875730664515
986 126 0.6655117904686738
987 142 0.0831890056283894
987 143 0.1440875730664515
987 144 0.6655117904686738
988 160 0.0831890056283894
988 161 0.1440875730664515
988 162 0.6655117904686738
989 0 1.0000000000000000
990 163 1.0000000000000000
991 164 1.4142135623730954
992 165 1.0000000000000000
993 166 1.4142135623730954
994 167 1.4142135623730954
995 168 1.0000000000000000
996 169 1.4142135623730954
997 170 1.4142135623730954
998 171 1.4142135623730954
999 172 1.0000000000000000
1000 173 1.4142135623730954
1001 174 1.4142135623730954
1002 175 1.4142135623730954
1003 176 1.4142135623730954
1004 177 1.0000000000000000
1005 178 1.4142135623730954
1006 179 1.4142135623730954
1007 180 1.4142135623730954
1008 181 1.4142135623730954
1009 182 1.4142135623730954
1010 183 1.0000000000000000
1011 184 1.4142135623730954
1012 185 1.4142135623730954
1013 186 1.4142135623730954
1014 187 1.4142135623730954
1015 188 1.4142135623730954
1016 189 1.4142135623730954
1017 190 1.0000000000000000
1018 191 1.4142135623730954
1019 192 1.4142135623730954
1020 193 1.4142135623730954
1021 194 1.4142135623730954
1022 195 1.4142135623730954
1023 196 1.4142135623730954
1024 197 1.4142135623730954
1025 198 1.0000000000000000
1026 199 1.4142135623730954
1027 200 1.4142135623730954
1028 201 1.4142135623730954
1029 202 1.4142135623730954
1030 203 1.4142135623730954
1031 204 1.4142135623730954
1032 205 1.4142135623730954
1033 206 1.4142135623730954
1034 207 1.0000000000000000
1035 1 0.9428088058798033
1035 2 -0.5443310830001168
1035 3 0.0000000652367665
1035 4 -0.9428088058798033
1035 5 0.5443310830001168
1035 6 -0.0000000652367665
1036 19 0.9428088058798033
1036 20 -0.5443310830001168
1036 21 0.0000000652367665
1036 22 -0.9428088058798033
1036 23 0.5443310830001168
1036 24 -0.0000000652367665
1037 37 0.9428088058798033
1037 38 -0.5443310830001168
1037 39 0.0000000652367665
1037 40 -0.9428088058798033
1037 41 0.5443310830001168
1037 42 -0.0000000652367665
1038 55 0.9428088058798033
1038 56 -0.5443310830001168
1038 57 0.0000000652367665
1038 58 -0.9428088058798033
1038 59 0.5443310830001168
1038 60 -0.0000000652367665
1039 73 0.9428088058798033
1039 74 -0.5443310830001168
1039 75 0.0000000652367665
1039 76 -0.9428088058798033
1039 77 0.5443310830001168
1039 78 -0.0000000652367665
1040 91 0.9428088058798033
1040 92 -0.5443310830001168
1040 93 0.0000000652367665
1040 94 -0.9428088058798033
1040 95 0.5443310830001168
1040 96 -0.0000000652367665
1041 109 0.9428088058798033
1041 110 -0.5443310830001168
1041 111 0.0000000652367665
1041 112 -0.9428088058798033
1041 113 0.5443310830001168
1041 114 -0.0000000652367665
1042 127 0.9428088058798033
1042 128 -0.5443310830001168
1042 129 0.0000000652367665
1042 130 -0.9428088058798033
1042 131 0.5443310830001168
1042 132 -0.0000000652367665
1043 145 0.9428088058798033
1043 146 -0.5443310830001168
1043 147 0.0000000652367665
1043 148 -0.9428088058798033
1043 149 0.5443310830001168
1043 150 -0.0000000652367665
1044 0 1.0000000000000000
1045 163 1.0000000000000000
1046 164 1.4142135623730954
1047 165 1.0000000000000000
1048 166 1.4142135623730954
1049 167 1.4142135623730954
1050 168 1.0000000000000000
1051 169 1.4142135623730954
1052 170 1.4142135623730954
1053 171 1.4142135623730954
1054 172 1.0000000000000000
1055 173 1.4142135623730954
1056 174 1.4142135623730954
1057 175 1.4142135623730954
1058 176 1.4142135623730954
1059 177 1.0000000000000000
1060 178 1.4142135623730954
1061 179 1.4142135623730954
1062 180 1.4142135623730954
1063 181 1.4142135623730954
1064 182 1.4142135623730954
1065 183 1.0000000000000000
1066 184 1.4142135623730954
1067 185 1.4142135623730954
1068 186 1.4142135623730954
1069 187 1.4142135623730954
1070 188 1.4142135623730954
1071 189 1.4142135623730954
1072 190 1.0000000000000000
1073 191 1.4142135623730954
1074 192 1.4142135623730954
1075 193 1.4142135623730954
1076 194 1.4142135623730954
1077 195 1.4142135623730954
1078 196 1.4142135623730954
1079 197 1.4142135623730954
1080 198 1.0000000000000000
1081 199 1.4142135623730954
1082 200 1.4142135623730954
1083 201 1.4142135623730954
1084 202 1.4142135623730954
1085 203 1.4142135623730954
1086 204 1.4142135623730954
1087 205 1.4142135623730954
1088 206 1.4142135623730954
1089 207 1.0000000000000000
1090 1 0.9428093715652280
1090 2 0.5443310830001168
1090 3 0.0000005625252233
1090 7 -0.9428093715652280
1090 8 -0.5443310830001168
1090 9 -0.0000005625252233
1091 19 0.9428093715652280
1091 20 0.5443310830001168
1091 21 0.0000005625252233
1091 25 -0.9428093715652280
1091 26 -0.5443310830001168
1091 27 -0.0000005625252233
1092 37 0.9428093715652280
1092 38 0.5443310830001168
1092 39 0.0000005625252233
1092 43 -0.9428093715652280
1092 44 -0.5443310830001168
1092 45 -0.0000005625252233
1093 55 0.9428093715652280
1093 56 0.5443310830001168
1093 57 0.0000005625252233
1093 61 -0.9428093715652280
1093 62 -0.5443310830001168
1093 63 -0.0000005625252233
1094 73 0.9428093715652280
1094 74 0.5443310830001168
1094 75 0.0000005625252233
1094 79 -0.9428093715652280
1094 80 -0.5443310830001168
1094 81 -0.0000005625252233
1095 91 0.9428093715652280
1095 92 0.5443310830001168
1095 93 0.0000005625252233
1095 97 -0.9428093715652280
1095 98 -0.5443310830001168
1095 99 -0.0000005625252233
1096 109 0.9428093715652280
1096 110 0.5443310830001168
1096 111 0.0000005625252233
1096 115 -0.9428093715652280
1096 116 -0.5443310830001168
1096 117 -0.0000005625252233
1097 127 0.9428093715652280
1097 128 0.5443310830001168
1097 129 0.0000005625252233
1097 133 -0.9428093715652280
1097 134 -0.5443310830001168
1097 135 -0.0000005625252233
1098 145 0.9428093715652280
1098 146 0.5443310830001168
1098 147 0.0000005625252233
1098 151 -0.9428093715652280
1098 152 -0.5443310830001168
1098 153 -0.0000005625252233
1099 0 1.0000000000000000
1100 163 1.0000000000000000
1101 164 1.4142135623730954
1102 165 1.0000000000000000
1103 166 1.4142135623730954
1104 167 1.4142135623730954
1105 168 1.0000000000000000
1106 169 1.4142135623730954
1107 170 1.4142135623730954
1108 171 1.4142135623730954
1109 172 1.0000000000000000
1110 173 1.4142135623730954
1111 174 1.4142135623730954
1112 175 1.4142135623730954
1113 176 1.4142135623730954
1114 177 1.0000000000000000
1115 178 1.4142135623730954
1116 179 1.4142135623730954
1117 180 1.4142135623730954
1118 181 1.4142135623730954
1119 182 1.4142135623730954
1120 183 1.0000000000000000
1121 184 1.4142135623730954
1122 185 1.4142135623730954
1123 186 1.4142135623730954
1124 187 1.4142135623730954
1125 188 1.4142135623730954
1126 189 1.4142135623730954
1127 190 1.0000000000000000
1128 191 1.4142135623730954
1129 192 1.4142135623730954
1130 193 1.4142135623730954
1131 194 1.4142135623730954
1132 195 1.4142135623730954
1133 196 1.4142135623730954
1134 197 1.4142135623730954
1135 198 1.0000000000000000
1136 199 1.4142135623730954
1137 200 1.4142135623730954
1138 201 1.4142135623730954
1139 202 1.4142135623730954
1140 203 1.4142135623730954
1141 204 1.4142135623730954
1142 205 1.4142135623730954
1143 206 1.4142135623730954
1144 207 1.0000000000000000
1145 1 0.3327558245236589
1145 2 -0.0000000588005392
1145 3 -1.3310241466227730
1145 10 -0.3327558245236589
1145 11 0.0000000588005392
1145 12 1.3310241466227730
1146 19 0.3327558245236589
1146 20 -0.0000000588005392
1146 21 -1.3310241466227730
1146 28 -0.3327558245236589
1146 29 0.0000000588005392
1146 30 1.3310241466227730
1147 37 0.3327558245236589
1147 38 -0.0000000588005392
1147 39 -1.3310241466227730
1147 46 -0.3327558245236589
1147 47 0.0000000588005392
1147 48 1.3310241466227730
1148 55 0.3327558245236589
1148 56 -0.0000000588005392
1148 57 -1.3310241466227730
1148 64 -0.3327558245236589
1148 65 0.0000000588005392
1148 66 1.3310241466227730
1149 73 0.3327558245236589
1149 74 -0.0000000588005392
1149 75 -1.3310241466227730
1149 82 -0.3327558245236589
1149 83 0.0000000588005392
1149 84 1.3310241466227730
1150 91 0.3327558245236589
1150 92 -0.0000000588005392
1150 93 -1.3310241466227730
1150 100 -0.3327558245236589
1150 101 0.0000000588005392
1150 102 1.3310241466227730
1151 109 0.3327558245236589
1151 110 -0.0000000588005392
1151 111 -1.3310241466227730
1151 118 -0.3327558245236589
1151 119 0.0000000588005392
1151 120 1.3310241466227730
1152 127 0.3327558245236589
1152 128 -0.0000000588005392
1152 129 -1.3310241466227730
1152 136 -0.3327558245236589
1152 137 0.0000000588005392
1152 138 1.3310241466227730
1153 145 0.3327558245236589
1153 146 -0.0000000588005392
1153 147 -1.3310241466227730
1153 154 -0.3327558245236589
1153 155 0.0000000588005392
1153 156 1.3310241466227730
1154 0 1.0000000000000000
1155 163 1.0000000000000000
1156 164 1.4142135623730954
1157 165 1.0000000000000000
1158 166 1.4142135623730954
1159 167 1.4142135623730954
1160 168 1.0000000000000000
1161 169 1.4142135623730954
1162 170 1.4142135623730954
1163 171 1.4142135623730954
1164 172 1.0000000000000000
1165 173 1.4142135623730954
1166 174 1.4142135623730954
1167 175 1.4142135623730954
1168 176 1.4142135623730954
1169 177 1.0000000000000000
1170 178 1.4142135623730954
1171 179 1.4142135623730954
1172 180 1.4142135623730954
1173 181 1.4142135623730954
1174 182 1.4142135623730954
1175 183 1.0000000000000000
1176 184 1.4142135623730954
1177 185 1.4142135623730954
1178 186 1.4142135623730954
1179 187 1.4142135623730954
1180 188 1.4142135623730954
1181 189 1.4142135623730954
1182 190 1.0000000000000000
1183 191 1.4142135623730954
1184 192 1.4142135623730954
1185 193 1.4142135623730954
1186 194 1.4142135623730954
1187 195 1.4142135623730954
1188 196 1.4142135623730954
1189 197 1.4142135623730954
1190 198 1.0000000000000000
1191 199 1.4142135623730954
1192 200 1.4142135623730954
1193 201 1.4142135623730954
1194 202 1.4142135623730954
1195 203 1.4142135623730954
1196 204 1.4142135623730954
1197 205 1.4142135623730954
1198 206 1.4142135623730954
1199 207 1.0000000000000000
1200 1 0.6464976891225678
1200 2 -0.2799418776154794
1200 3 -0.6464976891225678
1200 13 -0.6464976891225678
1200 14 0.2799418776154794
1200 15 0.6464976891225678
1201 19 0.6464976891225678
1201 20 -0.2799418776154794
1201 21 -0.6464976891225678
1201 31 -0.6464976891225678
1201 32 0.2799418776154794
1201 33 0.6464976891225678
1202 37 0.6464976891225678
1202 38 -0.2799418776154794
1202 39 -0.6464976891225678
1202 49 -0.6464976891225678
1202 50 0.2799418776154794
1202 51 0.6464976891225678
1203 55 0.6464976891225678
1203 56 -0.2799418776154794
1203 57 -0.6464976891225678
1203 67 -0.6464976891225678
1203 68 0.2799418776154794
1203 69 0.6464976891225678
1204 73 0.6464976891225678
1204 74 -0.2799418776154794
1204 75 -0.6464976891225678
1204 85 -0.6464976891225678
1204 86 0.2799418776154794
1204 87 0.6464976891225678
1205 91 0.6464976891225678
1205 92 -0.2799418776154794
1205 93 -0.6464976891225678
1205 103 -0.6464976891225678
1205 104 0.2799418776154794
1205 105 0.6464976891225678
1206 109 0.6464976891225678
1206 110 -0.2799418776154794
1206 111 -0.6464976891225678
1206 121 -0.6464976891225678
1206 122 0.2799418776154794
1206 123 0.6464976891225678
1207 127 0.6464976891225678
1207 128 -0.2799418776154794
1207 129 -0.6464976891225678
1207 139 -0.6464976891225678
1207 140 0.2799418776154794
1207 141 0.6464976891225678
1208 145 0.6464976891225678
1208 146 -0.2799418776154794
1208 147 -0.6464976891225678
1208 157 -0.6464976891225678
1208 158 0.2799418776154794
1208 159 0.6464976891225678
1209 0 1.0000000000000000
1210 163 1.0000000000000000
1211 164 1.4142135623730954
1212 165 1.0000000000000000
1213 166 1.4142135623730954
1214 167 1.4142135623730954
1215 168 1.0000000000000000
1216 169 1.4142135623730954
1217 170 1.4142135623730954
1218 171 1.4142135623730954
1219 172 1.0000000000000000
1220 173 1.4142135623730954
1221 174 1.4142135623730954
1222 175 1.4142135623730954
1223 176 1.4142135623730954
1224 177 1.0000000000000000
1225 178 1.4142135623730954
1226 179 1.4142135623730954
1227 180 1.4142135623730954
1228 181 1.4142135623730954
1229 182 1.4142135623730954
1230 183 1.0000000000000000
1231 184 1.4142135623730954
1232 185 1.4142135623730954
1233 186 1.4142135623730954
1234 187 1.4142135623730954
1235 188 1.4142135623730954
1236 189 1.4142135623730954
1237 190 1.0000000000000000
1238 191 1.4142135623730954
1239 192 1.4142135623730954
1240 193 1.4142135623730954
1241 194 1.4142135623730954
1242 195 1.4142135623730954
1243 196 1.4142135623730954
1244 197 1.4142135623730954
1245 198 1.0000000000000000
1246 199 1.4142135623730954
1247 200 1.4142135623730954
1248 201 1.4142135623730954
1249 202 1.4142135623730954
1250 203 1.4142135623730954
1251 204 1.4142135623730954
1252 205 1.4142135623730954
1253 206 1.4142135623730954
1254 207 1.0000000000000000
1255 1 0.6464971234371426
1255 2 0.2799414533514107
1255 3 -0.6464981133866364
1255 16 -0.6464971234371426
1255 17 -0.2799414533514107
1255 18 0.6464981133866364
1256 19 0.6464971234371426
1256 20 0.2799414533514107
1256 21 -0.6464981133866364
1256 34 -0.6464971234371426
1256 35 -0.2799414533514107
1256 36 0.6464981133866364
1257 37 0.6464971234371426
1257 38 0.2799414533514107
1257 39 -0.6464981133866364
1257 52 -0.6464971234371426
1257 53 -0.2799414533514107
1257 54 0.6464981133866364
1258 55 0.6464971234371426
1258 56 0.2799414533514107
1258 57 -0.6464981133866364
1258 70 -0.6464971234371426
1258 71 -0.2799414533514107
1258 72 0.6464981133866364
1259 73 0.6464971234371426
1259 74 0.2799414533514107
1259 75 -0.6464981133866364
1259 88 -0.6464971234371426
1259 89 -0.2799414533514107
1259 90 0.6464981133866364
1260 91 0.6464971234371426
1260 92 0.2799414533514107
1260 93 -0.6464981133866364
1260 106 -0.6464971234371426
1260 107 -0.2799414533514107
1260 108 0.6464981133866364
1261 109 0.6464971234371426
1261 110 0.2799414533514107
1261 111 -0.6464981133866364
1261 124 -0.6464971234371426
1261 125 -0.2799414533514107
1261 126 0.6464981133866364
1262 127 0.6464971234371426
1262 128 0.2799414533514107
1262 129 -0.6464981133866364
1262 142 -0.6464971234371426
1262 143 -0.2799414533514107
1262 144 0.6464981133866364
1263 145 0.6464971234371426
1263 146 0.2799414533514107
1263 147 -0.6464981133866364
1263 160 -0.6464971234371426
1263 161 -0.2799414533514107
1263 162 0.6464981133866364
1264 0 1.0000000000000000
1265 163 1.0000000000000000
1266 164 1.4142135623730954
1267 165 1.0000000000000000
1268 166 1.4142135623730954
1269 167 1.4142135623730954
1270 168 1.0000000000000000
1271 169 1.4142135623730954
1272 170 1.4142135623730954
1273 171 1.4142135623730954
1274 172 1.0000000000000000
1275 173 1.4142135623730954
1276 174 1.4142135623730954
1277 175 1.4142135623730954
1278 176 1.4142135623730954
1279 177 1.0000000000000000
1280 178 1.4142135623730954
1281 179 1.4142135623730954
1282 180 1.4142135623730954
1283 181 1.4142135623730954
1284 182 1.4142135623730954
1285 183 1.0000000000000000
1286 184 1.4142135623730954
1287 185 1.4142135623730954
1288 186 1.4142135623730954
1289 187 1.4142135623730954
1290 188 1.4142135623730954
1291 189 1.4142135623730954
1292 190 1.0000000000000000
1293 191 1.4142135623730954
1294 192 1.4142135623730954
1295 193 1.4142135623730954
1296 194 1.4142135623730954
1297 195 1.4142135623730954
1298 196 1.4142135623730954
1299 197 1.4142135623730954
1300 198 1.0000000000000000
1301 199 1.4142135623730954
1302 200 1.4142135623730954
1303 201 1.4142135623730954
1304 202 1.4142135623730954
1305 203 1.4142135623730954
1306 204 1.4142135623730954
1307 205 1.4142135623730954
1308 206 1.4142135623730954
1309 207 1.0000000000000000
1310 4 -0.0000002345193179
1310 5 1.0886621660002336
1310 6 0.0000004972882588
1310 7 0.0000002345193179
1310 8 -1.0886621660002336
1310 9 -0.0000004972882588
1311 22 -0.0000002345193179
1311 23 1.0886621660002336
1311 24 0.0000004972882588
1311 25 0.0000002345193179
1311 26 -1.0886621660002336
1311 27 -0.0000004972882588
1312 40 -0.0000002345193179
1312 41 1.0886621660002336
1312 42 0.0000004972882588
1312 43 0.0000002345193179
1312 44 -1.0886621660002336
1312 45 -0.0000004972882588
1313 58 -0.0000002345193179
1313 59 1.0886621660002336
1313 60 0.0000004972882588
1313 61 0.0000002345193179
1313 62 -1.0886621660002336
1313 63 -0.0000004972882588
1314 76 -0.0000002345193179
1314 77 1.0886621660002336
1314 78 0.0000004972882588
1314 79 0.0000002345193179
1314 80 -1.0886621660002336
1314 81 -0.0000004972882588
1315 94 -0.0000002345193179
1315 95 1.0886621660002336
1315 96 0.0000004972882588
1315 97 0.0000002345193179
1315 98 -1.0886621660002336
1315 99 -0.0000004972882588
1316 112 -0.0000002345193179
1316 113 1.0886621660002336
1316 114 0.0000004972882588
1316 115 0.0000002345193179
1316 116 -1.0886621660002336
1316 117 -0.0000004972882588
1317 130 -0.0000002345193179
1317 131 1.0886621660002336
1317 132 0.0000004972882588
1317 133 0.0000002345193179
1317 134 -1.0886621660002336
1317 135 -0.0000004972882588
1318 148 -0.0000002345193179
1318 149 1.0886621660002336
1318 150 0.0000004972882588
1318 151 0.0000002345193179
1318 152 -1.0886621660002336
1318 153 -0.0000004972882588
1319 0 1.0000000000000000
1320 163 1.0000000000000000
1321 164 1.4142135623730954
1322 165 1.0000000000000000
1323 166 1.4142135623730954
1324 167 1.4142135623730954
1325 168 1.0000000000000000
1326 169 1.4142135623730954
1327 170 1.4142135623730954
1328 171 1.4142135623730954
1329 172 1.0000000000000000
1330 173 1.4142135623730954
1331 174 1.4142135623730954
1332 175 1.4142135623730954
1333 176 1.4142135623730954
1334 177 1.0000000000000000
1335 178 1.4142135623730954
1336 179 1.4142135623730954
1337 180 1.4142135623730954
1338 181 1.4142135623730954
1339 182 1.4142135623730954
1340 183 1.0000000000000000
1341 184 1.4142135623730954
1342 185 1.4142135623730954
1343 186 1.4142135623730954
1344 187 1.4142135623730954
1345 188 1.4142135623730954
1346 189 1.4142135623730954
1347 190 1.0000000000000000
1348 191 1.4142135623730954
1349 192 1.4142135623730954
1350 193 1.4142135623730954
1351 194 1.4142135623730954
1352 195 1.4142135623730954
1353 196 1.4142135623730954
1354 197 1.4142135623730954
1355 198 1.0000000000000000
1356 199 1.4142135623730954
1357 200 1.4142135623730954
1358 201 1.4142135623730954
1359 202 1.4142135623730954
1360 203 1.4142135623730954
1361 204 1.4142135623730954
1362 205 1.4142135623730954
1363 206 1.4142135623730954
1364 207 1.0000000000000000
1365 4 -0.5656851421065258
1365 5 0.4199123921591504
1365 6 -0.6464975477012115
1365 10 0.5656851421065258
1365 11 -0.4199123921591504
1365 12 0.6464975477012115
1366 22 -0.5656851421065258
1366 23 0.4199123921591504
1366 24 -0.6464975477012115
1366 28 0.5656851421065258
1366 29 -0.4199123921591504
1366 30 0.6464975477012115
1367 40 -0.5656851421065258
1367 41 0.4199123921591504
1367 42 -0.6464975477012115
1367 46 0.5656851421065258
1367 47 -0.4199123921591504
1367 48 0.6464975477012115
1368 58 -0.5656851421065258
1368 59 0.4199123921591504
1368 60 -0.6464975477012115
1368 64 0.5656851421065258
1368 65 -0.4199123921591504
1368 66 0.6464975477012115
1369 76 -0.5656851421065258
1369 77 0.4199123921591504
1369 78 -0.6464975477012115
1369 82 0.5656851421065258
1369 83 -0.4199123921591504
1369 84 0.6464975477012115
1370 94 -0.5656851421065258
1370 95 0.4199123921591504
1370 96 -0.6464975477012115
1370 100 0.5656851421065258
1370 101 -0.4199123921591504
1370 102 0.6464975477012115
1371 112 -0.5656851421065258
1371 113 0.4199123921591504
1371 114 -0.6464975477012115
1371 118 0.5656851421065258
1371 119 -0.4199123921591504
1371 120 0.6464975477012115
1372 130 -0.5656851421065258
1372 131 0.4199123921591504
1372 132 -0.6464975477012115
1372 136 0.5656851421065258
1372 137 -0.4199123921591504
1372 138 0.6464975477012115
1373 148 -0.5656851421065258
1373 149 0.4199123921591504
1373 150 -0.6464975477012115
1373 154 0.5656851421065258
1373 155 -0.4199123921591504
1373 156 0.6464975477012115
1374 0 1.0000000000000000
1375 163 1.0000000000000000
1376 164 1.4142135623730954
1377 165 1.0000000000000000
1378 166 1.4142135623730954
1379 167 1.4142135623730954
1380 168 1.0000000000000000
1381 169 1.4142135623730954
1382 170 1.4142135623730954
1383 171 1.4142135623730954
1384 172 1.0000000000000000
1385 173 1.4142135623730954
1386 174 1.4142135623730954
1387 175 1.4142135623730954
1388 176 1.4142135623730954
1389 177 1.0000000000000000
1390 178 1.4142135623730954
1391 179 1.4142135623730954
1392 180 1.4142135623730954
1393 181 1.4142135623730954
1394 182 1.4142135623730954
1395 183 1.0000000000000000
1396 184 1.4142135623730954
1397 185 1.4142135623730954
1398 186 1.4142135623730954
1399 187 1.4142135623730954
1400 188 1.4142135623730954
1401 189 1.4142135623730954
1402 190 1.0000000000000000
1403 191 1.4142135623730954
1404 192 1.4142135623730954
1405 193 1.4142135623730954
1406 194 1.4142135623730954
1407 195 1.4142135623730954
1408 196 1.4142135623730954
1409 197 1.4142135623730954
1410 198 1.0000000000000000
1411 199 1.4142135623730954
1412 200 1.4142135623730954
1413 201 1.4142135623730954
1414 202 1.4142135623730954
1415 203 1.4142135623730954
1416 204 1.4142135623730954
1417 205 1.4142135623730954
1418 206 1.4142135623730954
1419 207 1.0000000000000000
1420 4 -0.1663784072365763
1420 5 0.2881752875542593
1420 6 -1.3310245708868416
1420 13 0.1663784072365763
1420 14 -0.2881752875542593
1420 15 1.3310245708868416
1421 22 -0.1663784072365763
1421 23 0.2881752875542593
1421 24 -1.3310245708868416
1421 31 0.1663784072365763
1421 32 -0.2881752875542593
1421 33 1.3310245708868416
1422 40 -0.1663784072365763
1422 41 0.2881752875542593
1422 42 -1.3310245708868416
1422 49 0.1663784072365763
1422 50 -0.2881752875542593
1422 51 1.3310245708868416
1423 58 -0.1663784072365763
1423 59 0.2881752875542593
1423 60 -1.3310245708868416
1423 67 0.1663784072365763
1423 68 -0.2881752875542593
1423 69 1.3310245708868416
1424 76 -0.1663784072365763
1424 77 0.2881752875542593
1424 78 -1.3310245708868416
1424 85 0.1663784072365763
1424 86 -0.2881752875542593
1424 87 1.3310245708868416
1425 94 -0.1663784072365763
1425 95 0.2881752875542593
1425 96 -1.3310245708868416
1425 103 0.1663784072365763
1425 104 -0.2881752875542593
1425 105 1.3310245708868416
1426 112 -0.1663784072365763
1426 113 0.2881752875542593
1426 114 -1.3310245708868416
1426 121 0.1663784072365763
1426 122 -0.2881752875542593
1426 123 1.3310245708868416
1427 130 -0.1663784072365763
1427 131 0.2881752875542593
1427 132 -1.3310245708868416
1427 139 0.1663784072365763
1427 140 -0.2881752875542593
1427 141 1.3310245708868416
1428 148 -0.1663784072365763
1428 149 0.2881752875542593
1428 150 -1.3310245708868416
1428 157 0.1663784072365763
1428 158 -0.2881752875542593
1428 159 1.3310245708868416
1429 0 1.0000000000000000
1430 163 1.0000000000000000
1431 164 1.4142135623730954
1432 165 1.0000000000000000
1433 166 1.4142135623730954
1434 167 1.4142135623730954
1435 168 1.0000000000000000
1436 169 1.4142135623730954
1437 170 1.4142135623730954
1438 171 1.4142135623730954
1439 172 1.0000000000000000
1440 173 1.4142135623730954
1441 174 1.4142135623730954
1442 175 1.4142135623730954
1443 176 1.4142135623730954
1444 177 1.0000000000000000
1445 178 1.4142135623730954
1446 179 1.4142135623730954
1447 180 1.4142135623730954
1448 181 1.4142135623730954
1449 182 1.4142135623730954
1450 183 1.0000000000000000
1451 184 1.4142135623730954
1452 185 1.4142135623730954
1453 186 1.4142135623730954
1454 187 1.4142135623730954
1455 188 1.4142135623730954
1456 189 1.4142135623730954
1457 190 1.0000000000000000
1458 191 1.4142135623730954
1459 192 1.4142135623730954
1460 193 1.4142135623730954
1461 194 1.4142135623730954
1462 195 1.4142135623730954
1463 196 1.4142135623730954
1464 197 1.4142135623730954
1465 198 1.0000000000000000
1466 199 1.4142135623730954
1467 200 1.4142135623730954
1468 201 1.4142135623730954
1469 202 1.4142135623730954
1470 203 1.4142135623730954
1471 204 1.4142135623730954
1472 205 1.4142135623730954
1473 206 1.4142135623730954
1474 207 1.0000000000000000
1475 4 -0.0808125894424489
1475 5 0.6998535626678486
1475 6 -0.6464976891225678
1475 16 0.0808125894424489
1475 17 -0.6998535626678486
1475 18 0.6464976891225678
1476 22 -0.0808125894424489
1476 23 0.6998535626678486
1476 24 -0.6464976891225678
1476 34 0.0808125894424489
1476 35 -0.6998535626678486
1476 36 0.6464976891225678
1477 40 -0.0808125894424489
1477 41 0.6998535626678486
1477 42 -0.6464976891225678
1477 52 0.0808125894424489
1477 53 -0.6998535626678486
1477 54 0.6464976891225678
1478 58 -0.0808125894424489
1478 59 0.6998535626678486
1478 60 -0.6464976891225678
1478 70 0.0808125894424489
1478 71 -0.6998535626678486
1478 72 0.6464976891225678
1479 76 -0.0808125894424489
1479 77 0.6998535626678486
1479 78 -0.6464976891225678
1479 88 0.0808125894424489
1479 89 -0.6998535626678486
1479 90 0.6464976891225678
1480 94 -0.0808125894424489
1480 95 0.6998535626678486
1480 96 -0.6464976891225678
1480 106 0.0808125894424489
1480 107 -0.6998535626678486
1480 108 0.6464976891225678
1481 112 -0.0808125894424489
1481 113 0.6998535626678486
1481 114 -0.6464976891225678
1481 124 0.0808125894424489
1481 125 -0.6998535626678486
1481 126 0.6464976891225678
1482 130 -0.0808125894424489
1482 131 0.6998535626678486
1482 132 -0.6464976891225678
1482 142 0.0808125894424489
1482 143 -0.6998535626678486
1482 144 0.6464976891225678
1483 148 -0.0808125894424489
1483 149 0.6998535626678486
1483 150 -0.6464976891225678
1483 160 0.0808125894424489
1483 161 -0.6998535626678486
1483 162 0.6464976891225678
1484 0 1.0000000000000000
1485 163 1.0000000000000000
1486 164 1.4142135623730954
1487 165 1.0000000000000000
1488 166 1.4142135623730954
1489 167 1.4142135623730954
1490 168 1.0000000000000000
1491 169 1.4142135623730954
1492 170 1.4142135623730954
1493 171 1.4142135623730954
1494 172 1.0000000000000000
1495 173 1.4142135623730954
1496 174 1.4142135623730954
1497 175 1.4142135623730954
1498 176 1.4142135623730954
1499 177 1.0000000000000000
1500 178 1.4142135623730954
1501 179 1.4142135623730954
1502 180 1.4142135623730954
1503 181 1.4142135623730954
1504 182 1.4142135623730954
1505 183 1.0000000000000000
1506 184 1.4142135623730954
1507 185 1.4142135623730954
1508 186 1.4142135623730954
1509 187 1.4142135623730954
1510 188 1.4142135623730954
1511 189 1.4142135623730954
1512 190 1.0000000000000000
1513 191 1.4142135623730954
1514 192 1.4142135623730954
1515 193 1.4142135623730954
1516 194 1.4142135623730954
1517 195 1.4142135623730954
1518 196 1.4142135623730954
1519 197 1.4142135623730954
1520 198 1.0000000000000000
1521 199 1.4142135623730954
1522 200 1.4142135623730954
1523 201 1.4142135623730954
1524 202 1.4142135623730954
1525 203 1.4142135623730954
1526 204 1.4142135623730954
1527 205 1.4142135623730954
1528 206 1.4142135623730954
1529 207 1.0000000000000000
1530 7 -0.5656850006851695
1530 8 -0.4199121093164379
1530 9 -0.6464978305439240
1530 10 0.5656850006851695
1530 11 0.4199121093164379
1530 12 0.6464978305439240
1531 25 -0.5656850006851695
1531 26 -0.4199121093164379
1531 27 -0.6464978305439240
1531 28 0.5656850006851695
1531 29 0.4199121093164379
1531 30 0.6464978305439240
1532 43 -0.5656850006851695
1532 44 -0.4199121093164379
1532 45 -0.6464978305439240
1532 46 0.5656850006851695
1532 47 0.4199121093164379
1532 48 0.6464978305439240
1533 61 -0.5656850006851695
1533 62 -0.4199121093164379
1533 63 -0.6464978305439240
1533 64 0.5656850006851695
1533 65 0.4199121093164379
1533 66 0.6464978305439240
1534 79 -0.5656850006851695
1534 80 -0.4199121093164379
1534 81 -0.6464978305439240
1534 82 0.5656850006851695
1534 83 0.4199121093164379
1534 84 0.6464978305439240
1535 97 -0.5656850006851695
1535 98 -0.4199121093164379
1535 99 -0.6464978305439240
1535 100 0.5656850006851695
1535 101 0.4199121093164379
1535 102 0.6464978305439240
1536 115 -0.5656850006851695
1536 116 -0.4199121093164379
1536 117 -0.6464978305439240
1536 118 0.5656850006851695
1536 119 0.4199121093164379
1536 120 0.6464978305439240
1537 133 -0.5656850006851695
1537 134 -0.4199121093164379
1537 135 -0.6464978305439240
1537 136 0.5656850006851695
1537 137 0.4199121093164379
1537 138 0.6464978305439240
1538 151 -0.5656850006851695
1538 152 -0.4199121093164379
1538 153 -0.6464978305439240
1538 154 0.5656850006851695
1538 155 0.4199121093164379
1538 156 0.6464978305439240
1539 0 1.0000000000000000
1540 163 1.0000000000000000
1541 164 1.4142135623730954
1542 165 1.0000000000000000
1543 166 1.4142135623730954
1544 167 1.4142135623730954
1545 168 1.0000000000000000
1546 169 1.4142135623730954
1547 170 1.4142135623730954
1548 171 1.4142135623730954
1549 172 1.0000000000000000
1550 173 1.4142135623730954
1551 174 1.4142135623730954
1552 175 1.4142135623730954
1553 176 1.4142135623730954
1554 177 1.0000000000000000
1555 178 1.4142135623730954
1556 179 1.4142135623730954
1557 180 1.4142135623730954
1558 181 1.4142135623730954
1559 182 1.4142135623730954
1560 183 1.0000000000000000
1561 184 1.4142135623730954
1562 185 1.4142135623730954
1563 186 1.4142135623730954
1564 187 1.4142135623730954
1565 188 1.4142135623730954
1566 189 1.4142135623730954
1567 190 1.0000000000000000
1568 191 1.4142135623730954
1569 192 1.4142135623730954
1570 193 1.4142135623730954
1571 194 1.4142135623730954
1572 195 1.4142135623730954
1573 196 1.4142135623730954
1574 197 1.4142135623730954
1575 198 1.0000000000000000
1576 199 1.4142135623730954
1577 200 1.4142135623730954
1578 201 1.4142135623730954
1579 202 1.4142135623730954
1580 203 1.4142135623730954
1581 204 1.4142135623730954
1582 205 1.4142135623730954
1583 206 1.4142135623730954
1584 207 1.0000000000000000
1585 7 -0.0808121793205158
1585 8 -0.6998538455105611
1585 9 -0.6464976891225678
1585 13 0.0808121793205158
1585 14 0.6998538455105611
1585 15 0.6464976891225678
1586 25 -0.0808121793205158
1586 26 -0.6998538455105611
1586 27 -0.6464976891225678
1586 31 0.0808121793205158
1586 32 0.6998538455105611
1586 33 0.6464976891225678
1587 43 -0.0808121793205158
1587 44 -0.6998538455105611
1587 45 -0.6464976891225678
1587 49 0.0808121793205158
1587 50 0.6998538455105611
1587 51 0.6464976891225678
1588 61 -0.0808121793205158
1588 62 -0.6998538455105611
1588 63 -0.6464976891225678
1588 67 0.0808121793205158
1588 68 0.6998538455105611
1588 69 0.6464976891225678
1589 79 -0.0808121793205158
1589 80 -0.6998538455105611
1589 81 -0.6464976891225678
1589 85 0.0808121793205158
1589 86 0.6998538455105611
1589 87 0.6464976891225678
1590 97 -0.0808121793205158
1590 98 -0.6998538455105611
1590 99 -0.6464976891225678
1590 103 0.0808121793205158
1590 104 0.6998538455105611
1590 105 0.6464976891225678
1591 115 -0.0808121793205158
1591 116 -0.6998538455105611
1591 117 -0.6464976891225678
1591 121 0.0808121793205158
1591 122 0.6998538455105611
1591 123 0.6464976891225678
1592 133 -0.0808121793205158
1592 134 -0.6998538455105611
1592 135 -0.6464976891225678
1592 139 0.0808121793205158
1592 140 0.6998538455105611
1592 141 0.6464976891225678
1593 151 -0.0808121793205158
1593 152 -0.6998538455105611
1593 153 -0.6464976891225678
1593 157 0.0808121793205158
1593 158 0.6998538455105611
1593 159 0.6464976891225678
1594 0 1.0000000000000000
1595 163 1.0000000000000000
1596 164 1.4142135623730954
1597 165 1.0000000000000000
1598 166 1.4142135623730954
1599 167 1.4142135623730954
1600 168 1.0000000000000000
1601 169 1.4142135623730954
1602 170 1.4142135623730954
1603 171 1.4142135623730954
1604 172 1.0000000000000000
1605 173 1.4142135623730954
1606 174 1.4142135623730954
1607 175 1.4142135623730954
1608 176 1.4142135623730954
1609 177 1.0000000000000000
1610 178 1.4142135623730954
1611 179 1.4142135623730954
1612 180 1.4142135623730954
1613 181 1.4142135623730954
1614 182 1.4142135623730954
1615 183 1.0000000000000000
1616 184 1.4142135623730954
1617 185 1.4142135623730954
1618 186 1.4142135623730954
1619 187 1.4142135623730954
1620 188 1.4142135623730954
1621 189 1.4142135623730954
1622 190 1.0000000000000000
1623 191 1.4142135623730954
1624 192 1.4142135623730954
1625 193 1.4142135623730954
1626 194 1.4142135623730954
1627 195 1.4142135623730954
1628 196 1.4142135623730954
1629 197 1.4142135623730954
1630 198 1.0000000000000000
1631 199 1.4142135623730954
1632 200 1.4142135623730954
1633 201 1.4142135623730954
1634 202 1.4142135623730954
1635 203 1.4142135623730954
1636 204 1.4142135623730954
1637 205 1.4142135623730954
1638 206 1.4142135623730954
1639 207 1.0000000000000000
1640 7 -0.1663781243938638
1640 8 -0.2881742976047657
1640 9 -1.3310225909878544
1640 16 0.1663781243938638
1640 17 0.2881742976047657
1640 18 1.3310225909878544
1641 25 -0.1663781243938638
1641 26 -0.2881742976047657
1641 27 -1.3310225909878544
1641 34 0.1663781243938638
1641 35 0.2881742976047657
1641 36 1.3310225909878544
1642 43 -0.1663781243938638
1642 44 -0.2881742976047657
1642 45 -1.3310225909878544
1642 52 0.1663781243938638
1642 53 0.2881742976047657
1642 54 1.3310225909878544
1643 61 -0.1663781243938638
1643 62 -0.2881742976047657
1643 63 -1.3310225909878544
1643 70 0.1663781243938638
1643 71 0.2881742976047657
1643 72 1.3310225909878544
1644 79 -0.1663781243938638
1644 80 -0.2881742976047657
1644 81 -1.3310225909878544
1644 88 0.1663781243938638
1644 89 0.2881742976047657
1644 90 1.3310225909878544
1645 97 -0.1663781243938638
1645 98 -0.2881742976047657
1645 99 -1.3310225909878544
1645 106 0.1663781243938638
1645 107 0.2881742976047657
1645 108 1.3310225909878544
1646 115 -0.1663781243938638
1646 116 -0.2881742976047657
1646 117 -1.3310225909878544
1646 124 0.1663781243938638
1646 125 0.2881742976047657
1646 126 1.3310225909878544
1647 133 -0.1663781243938638
1647 134 -0.2881742976047657
1647 135 -1.3310225909878544
1647 142 0.1663781243938638
1647 143 0.2881742976047657
1647 144 1.3310225909878544
1648 151 -0.1663781243938638
1648 152 -0.2881742976047657
1648 153 -1.3310225909878544
1648 160 0.1663781243938638
1648 161 0.2881742976047657
1648 162 1.3310225909878544
1649 0 1.0000000000000000
1650 163 1.0000000000000000
1651 164 1.4142135623730954
1652 165 1.0000000000000000
1653 166 1.4142135623730954
1654 167 1.4142135623730954
1655 168 1.0000000000000000
1656 169 1.4142135623730954
1657 170 1.4142135623730954
1658 171 1.4142135623730954
1659 172 1.0000000000000000
1660 173 1.4142135623730954
1661 174 1.4142135623730954
1662 175 1.4142135623730954
1663 176 1.4142135623730954
1664 177 1.0000000000000000
1665 178 1.4142135623730954
1666 179 1.4142135623730954
1667 180 1.4142135623730954
1668 181 1.4142135623730954
1669 182 1.4142135623730954
1670 183 1.0000000000000000
1671 184 1.4142135623730954
1672 185 1.4142135623730954
1673 186 1.4142135623730954
1674 187 1.4142135623730954
1675 188 1.4142135623730954
1676 189 1.4142135623730954
1677 190 1.0000000000000000
1678 191 1.4142135623730954
1679 192 1.4142135623730954
1680 193 1.4142135623730954
1681 194 1.4142135623730954
1682 195 1.4142135623730954
1683 196 1.4142135623730954
1684 197 1.4142135623730954
1685 198 1.0000000000000000
1686 199 1.4142135623730954
1687 200 1.4142135623730954
1688 201 1.4142135623730954
1689 202 1.4142135623730954
1690 203 1.4142135623730954
1691 204 1.4142135623730954
1692 205 1.4142135623730954
1693 206 1.4142135623730954
1694 207 1.0000000000000000
1695 10 1.4142134209517392
1695 11 -0.8164969073428876
1695 12 0.0000010428577686
1695 13 -1.4142134209517392
1695 14 0.8164969073428876
1695 15 -0.0000010428577686
1696 28 1.4142134209517392
1696 29 -0.8164969073428876
1696 30 0.0000010428577686
1696 31 -1.4142134209517392
1696 32 0.8164969073428876
1696 33 -0.0000010428577686
1697 46 1.4142134209517392
1697 47 -0.8164969073428876
1697 48 0.0000010428577686
1697 49 -1.4142134209517392
1697 50 0.8164969073428876
1697 51 -0.0000010428577686
1698 64 1.4142134209517392
1698 65 -0.8164969073428876
1698 66 0.0000010428577686
1698 67 -1.4142134209517392
1698 68 0.8164969073428876
1698 69 -0.0000010428577686
1699 82 1.4142134209517392
1699 83 -0.8164969073428876
1699 84 0.0000010428577686
1699 85 -1.4142134209517392
1699 86 0.8164969073428876
1699 87 -0.0000010428577686
1700 100 1.4142134209517392
1700 101 -0.8164969073428876
1700 102 0.0000010428577686
1700 103 -1.4142134209517392
1700 104 0.8164969073428876
1700 105 -0.0000010428577686
1701 118 1.4142134209517392
1701 119 -0.8164969073428876
1701 120 0.0000010428577686
1701 121 -1.4142134209517392
1701 122 0.8164969073428876
1701 123 -0.0000010428577686
1702 136 1.4142134209517392
1702 137 -0.8164969073428876
1702 138 0.0000010428577686
1702 139 -1.4142134209517392
1702 140 0.8164969073428876
1702 141 -0.0000010428577686
1703 154 1.4142134209517392
1703 155 -0.8164969073428876
1703 156 0.0000010428577686
1703 157 -1.4142134209517392
1703 158 0.8164969073428876
1703 159 -0.0000010428577686
1704 0 1.0000000000000000
1705 163 1.0000000000000000
1706 164 1.4142135623730954
1707 165 1.0000000000000000
1708 166 1.4142135623730954
1709 167 1.4142135623730954
1710 168 1.0000000000000000
1711 169 1.4142135623730954
1712 170 1.4142135623730954
1713 171 1.4142135623730954
1714 172 1.0000000000000000
1715 173 1.4142135623730954
1716 174 1.4142135623730954
1717 175 1.4142135623730954
1718 176 1.4142135623730954
1719 177 1.0000000000000000
1720 178 1.4142135623730954
1721 179 1.4142135623730954
1722 180 1.4142135623730954
1723 181 1.4142135623730954
1724 182 1.4142135623730954
1725 183 1.0000000000000000
1726 184 1.4142135623730954
1727 185 1.4142135623730954
1728 186 1.4142135623730954
1729 187 1.4142135623730954
1730 188 1.4142135623730954
1731 189 1.4142135623730954
1732 190 1.0000000000000000
1733 191 1.4142135623730954
1734 192 1.4142135623730954
1735 193 1.4142135623730954
1736 194 1.4142135623730954
1737 195 1.4142135623730954
1738 196 1.4142135623730954
1739 197 1.4142135623730954
1740 198 1.0000000000000000
1741 199 1.4142135623730954
1742 200 1.4142135623730954
1743 201 1.4142135623730954
1744 202 1.4142135623730954
1745 203 1.4142135623730954
1746 204 1.4142135623730954
1747 205 1.4142135623730954
1748 206 1.4142135623730954
1749 207 1.0000000000000000
1750 10 1.4142149765866576
1750 11 0.8164973316069566
1750 12 -0.0000010931637492
1750 16 -1.4142149765866576
1750 17 -0.8164973316069566
1750 18 0.0000010931637492
1751 28 1.4142149765866576
1751 29 0.8164973316069566
1751 30 -0.0000010931637492
1751 34 -1.4142149765866576
1751 35 -0.8164973316069566
1751 36 0.0000010931637492
1752 46 1.4142149765866576
1752 47 0.8164973316069566
1752 48 -0.0000010931637492
1752 52 -1.4142149765866576
1752 53 -0.8164973316069566
1752 54 0.0000010931637492
1753 64 1.4142149765866576
1753 65 0.8164973316069566
1753 66 -0.0000010931637492
1753 70 -1.4142149765866576
1753 71 -0.8164973316069566
1753 72 0.0000010931637492
1754 82 1.4142149765866576
1754 83 0.8164973316069566
1754 84 -0.0000010931637492
1754 88 -1.4142149765866576
1754 89 -0.8164973316069566
1754 90 0.0000010931637492
1755 100 1.4142149765866576
1755 101 0.8164973316069566
1755 102 -0.0000010931637492
1755 106 -1.4142149765866576
1755 107 -0.8164973316069566
1755 108 0.0000010931637492
1756 118 1.4142149765866576
1756 119 0.8164973316069566
1756 120 -0.0000010931637492
1756 124 -1.4142149765866576
1756 125 -0.8164973316069566
1756 126 0.0000010931637492
1757 136 1.4142149765866576
1757 137 0.8164973316069566
1757 138 -0.0000010931637492
1757 142 -1.4142149765866576
1757 143 -0.8164973316069566
1757 144 0.0000010931637492
1758 154 1.4142149765866576
1758 155 0.8164973316069566
1758 156 -0.0000010931637492
1758 160 -1.4142149765866576
1758 161 -0.8164973316069566
1758 162 0.0000010931637492
1759 0 1.0000000000000000
1760 163 1.0000000000000000
1761 164 1.4142135623730954
1762 165 1.0000000000000000
1763 166 1.4142135623730954
1764 167 1.4142135623730954
1765 168 1.0000000000000000
1766 169 1.4142135623730954
1767 170 1.4142135623730954
1768 171 1.4142135623730954
1769 172 1.0000000000000000
1770 173 1.4142135623730954
1771 174 1.4142135623730954
1772 175 1.4142135623730954
1773 176 1.4142135623730954
1774 177 1.0000000000000000
1775 178 1.4142135623730954
1776 179 1.4142135623730954
1777 180 1.4142135623730954
1778 181 1.4142135623730954
1779 182 1.4142135623730954
1780 183 1.0000000000000000
1781 184 1.4142135623730954
1782 185 1.4142135623730954
1783 186 1.4142135623730954
1784 187 1.4142135623730954
1785 188 1.4142135623730954
1786 189 1.4142135623730954
1787 190 1.0000000000000000
1788 191 1.4142135623730954
1789 192 1.4142135623730954
1790 193 1.4142135623730954
1791 194 1.4142135623730954
1792 195 1.4142135623730954
1793 196 1.4142135623730954
1794 197 1.4142135623730954
1795 198 1.0000000000000000
1796 199 1.4142135623730954
1797 200 1.4142135623730954
1798 201 1.4142135623730954
1799 202 1.4142135623730954
1800 203 1.4142135623730954
1801 204 1.4142135623730954
1802 205 1.4142135623730954
1803 206 1.4142135623730954
1804 207 1.0000000000000000
1805 13 -0.0000008311944046
1805 14 1.6329938146857752
1805 15 -0.0000021360210935
1805 16 0.0000008311944046
1805 17 -1.6329938146857752
1805 18 0.0000021360210935
1806 31 -0.0000008311944046
1806 32 1.6329938146857752
1806 33 -0.0000021360210935
1806 34 0.0000008311944046
1806 35 -1.6329938146857752
1806 36 0.0000021360210935
1807 49 -0.0000008311944046
1807 50 1.6329938146857752
1807 51 -0.0000021360210935
1807 52 0.0000008311944046
1807 53 -1.6329938146857752
1807 54 0.0000021360210935
1808 67 -0.0000008311944046
1808 68 1.6329938146857752
1808 69 -0.0000021360210935
1808 70 0.0000008311944046
1808 71 -1.6329938146857752
1808 72 0.0000021360210935
1809 85 -0.0000008311944046
1809 86 1.6329938146857752
1809 87 -0.0000021360210935
1809 88 0.0000008311944046
1809 89 -1.6329938146857752
1809 90 0.0000021360210935
1810 103 -0.0000008311944046
1810 104 1.6329938146857752
1810 105 -0.0000021360210935
1810 106 0.0000008311944046
1810 107 -1.6329938146857752
1810 108 0.0000021360210935
1811 121 -0.0000008311944046
1811 122 1.6329938146857752
1811 123 -0.0000021360210935
1811 124 0.0000008311944046
1811 125 -1.6329938146857752
1811 126 0.0000021360210935
1812 139 -0.0000008311944046
1812 140 1.6329938146857752
1812 141 -0.0000021360210935
1812 142 0.0000008311944046
1812 143 -1.6329938146857752
1812 144 0.0000021360210935
1813 157 -0.0000008311944046
1813 158 1.6329938146857752
1813 159 -0.0000021360210935
1813 160 0.0000008311944046
1813 161 -1.6329938146857752
1813 162 0.0000021360210935
1814 0 1.0000000000000000
1815 163 -1.0000000000000000
1815 165 -1.0000000000000000
1815 168 -1.0000000000000000
1815 172 -1.0000000000000000
1815 177 -1.0000000000000000
1815 183 -1.0000000000000000
1815 190 -1.0000000000000000
1815 198 -1.0000000000000000
1815 207 -1.0000000000000000
