0 0 1.0000000000000000
11 0 1.9999000000000000
12 0 0.0199990000000000
31 0 -1.7319640000000001
32 0 -0.9999500000000000
33 0 0.0199990000000000
52 0 1.7319640000000001
53 0 -0.9999502000000000
54 0 0.0199990000000000
65 0 0.0003043042000000
66 0 -0.0304304200000000
67 0 0.0689471300000000
68 0 -0.1171073000000000
69 0 0.1156300000000000
70 0 0.0402088700000000
71 0 0.0690608200000000
72 0 -0.0291482100000000
82 0 0.0348442100000000
83 0 -0.0011758530000000
84 0 0.1175853000000000
85 0 0.0249123000000000
86 0 -0.0417865200000000
87 0 0.0681425400000000
88 0 -0.0669417800000000
89 0 -0.1157932000000000
90 0 0.0076679900000000
100 0 0.0682880400000000
101 0 -0.0001184806000000
102 0 0.0118480600000000
103 0 -0.0255665600000000
104 0 0.0456414300000000
105 0 0.0679428600000000
106 0 0.0250668900000000
107 0 0.0465822500000000
108 0 0.1582564000000000
118 0 -0.0978743200000000
119 0 0.0011000130000000
120 0 -0.1100013000000000
121 0 0.0181923100000000
122 0 -0.0311766400000000
123 0 0.0166687300000000
124 0 -0.0485522400000000
125 0 -0.0823514600000000
126 0 0.0871736700000000
136 0 -0.0191105200000000
137 0 0.0004211474000000
138 0 -0.0421147400000000
139 0 -0.0595693300000000
140 0 0.1057646000000000
141 0 0.1293752000000000
142 0 -0.0116375400000000
143 0 -0.0216777400000000
144 0 -0.0760461500000000
154 0 -0.1554929000000000
155 0 -0.0010596880000000
156 0 0.1059688000000000
157 0 -0.0097753710000000
158 0 0.0173057600000000
159 0 0.0187159200000000
160 0 0.0279990500000000
161 0 0.0490096700000000
162 0 0.0256952000000000
