0 0 0.3500000000000000
300 0 0.0176776695296637
465 0 0.0176776695296637
1335 0 0.0176776695296637
1500 0 0.0176776695296637
2370 0 0.0176776695296637
2535 0 0.0176776695296637
3405 0 0.0176776695296637
3570 0 0.0176776695296637
4440 0 0.0176776695296637
4605 0 0.0176776695296637
5176 0 -0.0353553390593274
5211 0 0.0176776695296637
5295 0 0.0176776695296637
5406 0 0.0176776695296637
5526 0 0.0176776695296637
5640 0 0.0176776695296637
5842 0 -0.0353553390593274
5877 0 0.0176776695296637
5961 0 0.0176776695296637
6072 0 0.0176776695296637
6306 0 0.0176776695296637
6508 0 -0.0353553390593274
6543 0 0.0176776695296637
6627 0 0.0176776695296637
6738 0 0.0176776695296637
6972 0 0.0176776695296637
7524 0 0.0176776695296637
11838 0 -0.0353553390593274
11955 0 0.0176776695296637
12186 0 0.0176776695296637
15314 0 -0.3535533905932738
15402 0 0.1767766952966369
15564 0 0.1767766952966369
17188 0 0.1767766952966369
18000 0 0.1767766952966369
