0 0 0.0526315789473684
2 0 -0.0584795321637427
4 0 -0.0522875816993464
6 0 0.0588235294117647
13 0 0.1702786377708978
15 0 -0.1184640522875817
17 0 -0.0661764705882353
22 0 0.1843137254901961
24 0 -0.0583333333333333
27 0 0.0666666666666667
49 0 -0.0723684210526316
51 0 -0.1027777777777778
53 0 0.1921568627450980
58 0 -0.1502100840336135
60 0 -0.1345238095238096
63 0 -0.0761904761904762
74 0 -0.0480769230769231
76 0 0.2102564102564102
79 0 -0.0659340659340660
83 0 0.0769230769230769
140 0 0.1859649122807017
142 0 -0.1206349206349207
144 0 -0.0840336134453782
149 0 0.4048265460030165
151 0 -0.1140109890109891
154 0 0.2205128205128205
165 0 -0.1583333333333334
167 0 -0.1761904761904763
170 0 -0.1556776556776558
174 0 -0.0897435897435898
195 0 0.2242424242424242
197 0 -0.0519480519480520
200 0 0.2447552447552447
204 0 -0.0757575757575758
209 0 0.0909090909090909
336 0 -0.0902255639097745
338 0 -0.1001221001221002
340 0 0.2126696832579185
345 0 -0.1918767507002802
347 0 -0.1378205128205129
350 0 -0.1000000000000000
361 0 -0.0860389610389611
363 0 0.4689976689976689
366 0 -0.1277056277056278
370 0 0.2587412587412587
391 0 -0.2095238095238096
393 0 -0.1890109890109891
396 0 -0.2128205128205129
400 0 -0.1848484848484849
405 0 -0.1090909090909091
441 0 -0.0317460317460318
443 0 0.2649572649572649
446 0 -0.0555555555555556
450 0 0.2929292929292929
455 0 -0.0888888888888889
461 0 0.1111111111111111
714 0 0.2064777327935222
716 0 -0.1239316239316240
718 0 -0.1078431372549020
723 0 0.4533113944878650
725 0 -0.1098484848484849
728 0 0.2484848484848485
739 0 -0.1711538461538462
741 0 -0.2333333333333334
744 0 -0.1610389610389611
748 0 -0.1230769230769231
769 0 0.5094017094017093
771 0 -0.0873015873015874
774 0 0.5578865578865578
778 0 -0.1444444444444445
783 0 0.3131313131313131
819 0 -0.2390109890109891
821 0 -0.2628205128205129
824 0 -0.2348484848484849
828 0 -0.2681818181818182
833 0 -0.2277777777777778
839 0 -0.1388888888888889
896 0 0.2967032967032967
898 0 -0.0238095238095238
901 0 0.3246753246753247
905 0 -0.0571428571428571
910 0 0.3650793650793651
916 0 -0.1071428571428571
923 0 0.1428571428571429
1386 0 -0.1140350877192983
1388 0 -0.0959595959595960
1390 0 0.2406417112299465
1395 0 -0.2490196078431373
1397 0 -0.1431818181818182
1400 0 -0.1333333333333333
1411 0 -0.0694444444444445
1413 0 0.5373737373737373
1416 0 -0.1206349206349207
1420 0 0.2991452991452991
1441 0 -0.2833333333333334
1443 0 -0.2110389610389611
1446 0 -0.2961538461538462
1450 0 -0.1944444444444445
1455 0 -0.1590909090909091
1491 0 -0.0238095238095238
1493 0 0.6213786213786214
1496 0 -0.0809523809523809
1500 0 0.6897546897546898
1505 0 -0.1642857142857142
1511 0 0.3968253968253969
1568 0 -0.3461538461538463
1570 0 -0.3181818181818183
1573 0 -0.3515151515151516
1577 0 -0.3111111111111112
1582 0 -0.3611111111111112
1588 0 -0.2976190476190476
1595 0 -0.1904761904761905
1680 0 0.0333333333333333
1682 0 0.3818181818181818
1689 0 0.4222222222222222
1694 0 -0.0500000000000000
1700 0 0.4857142857142858
1707 0 -0.1333333333333334
1715 0 0.2000000000000000
2508 0 0.2344497607655502
2510 0 -0.1292929292929293
2512 0 -0.1411764705882353
2517 0 0.5216874628639334
2519 0 -0.1027777777777778
2522 0 0.2888888888888889
2533 0 -0.1931818181818182
2535 0 -0.3166666666666667
2538 0 -0.1706349206349207
2542 0 -0.1730769230769231
2563 0 0.6008658008658009
2565 0 -0.0571428571428571
2568 0 0.6617826617826618
2572 0 -0.1309523809523809
2577 0 0.3766233766233767
2613 0 -0.2943722943722945
2615 0 -0.3794871794871796
2618 0 -0.2777777777777779
2622 0 -0.4015151515151516
2627 0 -0.2476190476190476
2633 0 -0.2222222222222223
2690 0 0.7356643356643356
2692 0 0.0333333333333333
2695 0 0.8040404040404040
2699 0 -0.0500000000000000
2704 0 0.9079365079365080
2710 0 -0.1833333333333334
2717 0 0.5428571428571429
2802 0 -0.4848484848484849
2804 0 -0.5181818181818182
2807 0 -0.4777777777777778
2811 0 -0.5277777777777778
2816 0 -0.4642857142857142
2822 0 -0.5476190476190476
2829 0 -0.4333333333333334
2837 0 -0.3000000000000000
2958 0 0.5151515151515151
2960 0 0.1333333333333333
2963 0 0.5555555555555555
2967 0 0.0833333333333333
2972 0 0.6190476190476191
2978 0 -0.0000000000000001
2985 0 0.7333333333333333
2993 0 -0.1666666666666667
3002 0 0.3333333333333333
4290 0 -0.1473684210526316
4292 0 -0.0888888888888889
4294 0 0.2810457516339869
4299 0 -0.3323529411764706
4301 0 -0.1527777777777778
4304 0 -0.1833333333333333
4315 0 -0.0392857142857142
4317 0 0.6412698412698413
4320 0 -0.1071428571428571
4324 0 0.3626373626373627
4345 0 -0.4000000000000001
4347 0 -0.2539682539682541
4350 0 -0.4294871794871796
4354 0 -0.2142857142857143
4359 0 -0.2424242424242425
4395 0 0.0571428571428571
4397 0 0.7760683760683760
4400 0 -0.0166666666666667
4404 0 0.8675324675324676
4409 0 -0.1333333333333334
4415 0 0.5111111111111111
4472 0 -0.5461538461538462
4474 0 -0.4444444444444445
4477 0 -0.5681818181818182
4481 0 -0.4142857142857142
4486 0 -0.6111111111111112
4492 0 -0.3500000000000000
4499 0 -0.3571428571428571
4584 0 0.2999999999999999
4586 0 1.0707070707070709
4589 0 0.2166666666666666
4593 0 1.1746031746031751
4598 0 0.0833333333333332
4604 0 1.3523809523809529
4611 0 -0.1666666666666668
4619 0 0.8666666666666666
4740 0 -1.0181818181818181
4742 0 -0.9777777777777777
4745 0 -1.0277777777777779
4749 0 -0.9642857142857142
4754 0 -1.0476190476190479
4760 0 -0.9333333333333333
4767 0 -1.1000000000000001
4775 0 -0.8333333333333334
4784 0 -0.6666666666666667
4950 0 0.8000000000000000
4952 0 1.2222222222222221
4955 0 0.7500000000000000
4959 0 1.2857142857142860
4964 0 0.6666666666666666
4970 0 1.3999999999999999
4977 0 0.5000000000000000
4985 0 1.6666666666666670
5004 0 1.0000000000000000
