0 0 2.0000000000000000
1 0 2.0000000000000000
2 0 2.0000000000000000
3 0 2.0000000000000000
4 0 2.0000000000000000
5 0 2.0000000000000000
6 0 2.0000000000000000
7 0 2.0000000000000000
8 0 2.0000000000000000
9 0 2.0000000000000000
10 0 2.0000000000000000
11 0 2.0000000000000000
13 0 -1.0000000000000000
26 0 -101.0000000000000000
38 0 -101.0000000000000000
49 0 -101.0000000000000000
59 0 -101.0000000000000000
68 0 -101.0000000000000000
76 0 -101.0000000000000000
83 0 -101.0000000000000000
89 0 -101.0000000000000000
94 0 -101.0000000000000000
98 0 -101.0000000000000000
101 0 -101.0000000000000000
103 0 -100.0000000000000000
105 0 200.0000000000000000
196 0 200.0000000000000000
274 0 200.0000000000000000
340 0 200.0000000000000000
395 0 200.0000000000000000
440 0 200.0000000000000000
476 0 200.0000000000000000
504 0 200.0000000000000000
525 0 200.0000000000000000
540 0 200.0000000000000000
550 0 200.0000000000000000
556 0 200.0000000000000000
559 0 -100.0000000000000000
1014 0 -100.0000000000000000
1378 0 -100.0000000000000000
1664 0 -100.0000000000000000
1884 0 -100.0000000000000000
2049 0 -100.0000000000000000
2169 0 -100.0000000000000000
2253 0 -100.0000000000000000
2309 0 -100.0000000000000000
2344 0 -100.0000000000000000
2364 0 -100.0000000000000000
2374 0 -100.0000000000000000
