0 0 2.2999999999999998
1 0 1.7000000000000000
2 0 2.2000000000000002
3 0 2.2999999999999998
4 0 1.7000000000000000
5 0 2.2000000000000002
6 0 2.2999999999999998
7 0 1.7000000000000000
8 0 2.2000000000000002
9 0 2.2999999999999998
10 0 1.7000000000000000
11 0 2.2000000000000002
454 0 0.0001000000000000
818 0 0.0001000000000000
1104 0 0.0001500000000000
1324 0 0.0001000000000000
1489 0 0.0001000000000000
1609 0 0.0001500000000000
1693 0 0.0001000000000000
1749 0 0.0001000000000000
1784 0 0.0001500000000000
1804 0 0.0001000000000000
1814 0 0.0001000000000000
1818 0 0.0001500000000000
