0 0 1.0000000000000000
4186 0 6.0000000000000000
4277 0 7.0000000000000000
4368 0 6.0000000000000000
4459 0 7.0000000000000000
4550 0 6.0000000000000000
4641 0 7.0000000000000000
4732 0 7.0000000000000000
4823 0 7.0000000000000000
4914 0 7.0000000000000000
5005 0 7.0000000000000000
5096 0 7.0000000000000000
5187 0 7.0000000000000000
5278 0 6.0000000000000000
5369 0 7.0000000000000000
5460 0 6.0000000000000000
5551 0 7.0000000000000000
5642 0 6.0000000000000000
5733 0 7.0000000000000000
5824 0 -60.0000000000000000
5915 0 -50.0000000000000000
6006 0 -70.0000000000000000
6097 0 -85.0000000000000000
6279 0 21.0000000000000000
6370 0 -43.0000000000000000
6461 0 57.0000000000000000
6552 0 -3.0000000000000000
6643 0 16.0000000000000000
6734 0 -76.0000000000000000
6916 0 90.0000000000000000
7098 0 90.0000000000000000
7280 0 90.0000000000000000
7462 0 120.0000000000000000
7644 0 120.0000000000000000
7826 0 120.0000000000000000
8008 0 60.0000000000000000
8190 0 60.0000000000000000
8372 0 60.0000000000000000
