0 0 0.0123456790123457
3 0 0.0087297133479821
10 0 -0.0087297133479821
55 0 0.0141421356237310
190 0 0.0043648566739910
378 0 0.0043648566739910
595 0 0.0043648566739910
820 0 0.0043648566739910
1650 0 0.0123456790123457
1653 0 0.0087297133479821
1660 0 -0.0087297133479821
1705 0 0.0141421356237310
1840 0 0.0043648566739910
2028 0 0.0043648566739910
2245 0 0.0043648566739910
2470 0 0.0043648566739910
3300 0 0.0123456790123457
3303 0 0.0087297133479821
3310 0 -0.0087297133479821
3355 0 0.0141421356237310
3490 0 0.0043648566739910
3678 0 0.0043648566739910
3895 0 0.0043648566739910
4120 0 0.0043648566739910
4950 0 0.0123456790123457
4953 0 0.0087297133479821
4960 0 -0.0087297133479821
5005 0 0.0141421356237310
5140 0 0.0043648566739910
5328 0 0.0043648566739910
5545 0 0.0043648566739910
5770 0 0.0043648566739910
6600 0 0.0123456790123457
6603 0 0.0087297133479821
6610 0 -0.0087297133479821
6655 0 0.0141421356237310
6790 0 0.0043648566739910
6978 0 0.0043648566739910
7195 0 0.0043648566739910
7420 0 0.0043648566739910
8250 0 0.0123456790123457
8253 0 0.0087297133479821
8260 0 -0.0087297133479821
8305 0 0.0141421356237310
8440 0 0.0043648566739910
8628 0 0.0043648566739910
8845 0 0.0043648566739910
9070 0 0.0043648566739910
9900 0 0.0123456790123457
9903 0 0.0087297133479821
9910 0 -0.0087297133479821
9955 0 0.0141421356237310
10090 0 0.0043648566739910
10278 0 0.0043648566739910
10495 0 0.0043648566739910
10720 0 0.0043648566739910
11550 0 0.0123456790123457
11553 0 0.0087297133479821
11560 0 -0.0087297133479821
11605 0 0.0141421356237310
11740 0 0.0043648566739910
11928 0 0.0043648566739910
12145 0 0.0043648566739910
12370 0 0.0043648566739910
13200 0 0.0123456790123457
13203 0 0.0087297133479821
13210 0 -0.0087297133479821
13255 0 0.0141421356237310
13390 0 0.0043648566739910
13578 0 0.0043648566739910
13795 0 0.0043648566739910
14020 0 0.0043648566739910
14850 0 0.0123456790123457
14853 0 0.0087297133479821
14860 0 -0.0087297133479821
14905 0 0.0141421356237310
15040 0 0.0043648566739910
15228 0 0.0043648566739910
15445 0 0.0043648566739910
15670 0 0.0043648566739910
16500 0 0.0123456790123457
16503 0 0.0087297133479821
16510 0 -0.0087297133479821
16555 0 0.0141421356237310
16690 0 0.0043648566739910
16878 0 0.0043648566739910
17095 0 0.0043648566739910
17320 0 0.0043648566739910
18150 0 0.0123456790123457
18153 0 0.0087297133479821
18160 0 -0.0087297133479821
18205 0 0.0141421356237310
18340 0 0.0043648566739910
18528 0 0.0043648566739910
18745 0 0.0043648566739910
18970 0 0.0043648566739910
19800 0 0.0123456790123457
19803 0 0.0087297133479821
19810 0 -0.0087297133479821
19855 0 0.0141421356237310
19990 0 0.0043648566739910
20178 0 0.0043648566739910
20395 0 0.0043648566739910
20620 0 0.0043648566739910
21450 0 0.0123456790123457
21453 0 0.0087297133479821
21460 0 -0.0087297133479821
21505 0 0.0141421356237310
21640 0 0.0043648566739910
21828 0 0.0043648566739910
22045 0 0.0043648566739910
22270 0 0.0043648566739910
23100 0 0.0123456790123457
23103 0 0.0087297133479821
23110 0 -0.0087297133479821
23155 0 0.0141421356237310
23290 0 0.0043648566739910
23478 0 0.0043648566739910
23695 0 0.0043648566739910
23920 0 0.0043648566739910
24750 0 0.0123456790123457
24753 0 0.0087297133479821
24760 0 -0.0087297133479821
24805 0 0.0141421356237310
24940 0 0.0043648566739910
25128 0 0.0043648566739910
25345 0 0.0043648566739910
25570 0 0.0043648566739910
26400 0 0.0123456790123457
26403 0 0.0087297133479821
26410 0 -0.0087297133479821
26455 0 0.0141421356237310
26590 0 0.0043648566739910
26778 0 0.0043648566739910
26995 0 0.0043648566739910
27220 0 0.0043648566739910
28050 0 0.0123456790123457
28053 0 0.0087297133479821
28060 0 -0.0087297133479821
28105 0 0.0141421356237310
28240 0 0.0043648566739910
28428 0 0.0043648566739910
28645 0 0.0043648566739910
28870 0 0.0043648566739910
29700 0 0.0123456790123457
29703 0 0.0087297133479821
29710 0 -0.0087297133479821
29755 0 0.0141421356237310
29890 0 0.0043648566739910
30078 0 0.0043648566739910
30295 0 0.0043648566739910
30520 0 0.0043648566739910
31350 0 0.0123456790123457
31353 0 0.0087297133479821
31360 0 -0.0087297133479821
31405 0 0.0141421356237310
31540 0 0.0043648566739910
31728 0 0.0043648566739910
31945 0 0.0043648566739910
32170 0 0.0043648566739910
33000 0 0.0123456790123457
33003 0 0.0087297133479821
33010 0 -0.0087297133479821
33055 0 0.0141421356237310
33190 0 0.0043648566739910
33378 0 0.0043648566739910
33595 0 0.0043648566739910
33820 0 0.0043648566739910
34650 0 0.0123456790123457
34653 0 0.0087297133479821
34660 0 -0.0087297133479821
34705 0 0.0141421356237310
34840 0 0.0043648566739910
35028 0 0.0043648566739910
35245 0 0.0043648566739910
35470 0 0.0043648566739910
36300 0 0.0123456790123457
36303 0 0.0087297133479821
36310 0 -0.0087297133479821
36355 0 0.0141421356237310
36490 0 0.0043648566739910
36678 0 0.0043648566739910
36895 0 0.0043648566739910
37120 0 0.0043648566739910
37950 0 0.0123456790123457
37953 0 0.0087297133479821
37960 0 -0.0087297133479821
38005 0 0.0141421356237310
38140 0 0.0043648566739910
38328 0 0.0043648566739910
38545 0 0.0043648566739910
38770 0 0.0043648566739910
39600 0 0.0123456790123457
39603 0 0.0087297133479821
39610 0 -0.0087297133479821
39655 0 0.0141421356237310
39790 0 0.0043648566739910
39978 0 0.0043648566739910
40195 0 0.0043648566739910
40420 0 0.0043648566739910
41250 0 0.0123456790123457
41253 0 0.0087297133479821
41260 0 -0.0087297133479821
41305 0 0.0141421356237310
41440 0 0.0043648566739910
41628 0 0.0043648566739910
41845 0 0.0043648566739910
42070 0 0.0043648566739910
42900 0 0.0123456790123457
42903 0 0.0087297133479821
42910 0 -0.0087297133479821
42955 0 0.0141421356237310
43090 0 0.0043648566739910
43278 0 0.0043648566739910
43495 0 0.0043648566739910
43720 0 0.0043648566739910
44550 0 0.0123456790123457
44553 0 0.0087297133479821
44560 0 -0.0087297133479821
44605 0 0.0141421356237310
44740 0 0.0043648566739910
44928 0 0.0043648566739910
45145 0 0.0043648566739910
45370 0 0.0043648566739910
46200 0 0.0123456790123457
46203 0 0.0087297133479821
46210 0 -0.0087297133479821
46255 0 0.0141421356237310
46390 0 0.0043648566739910
46578 0 0.0043648566739910
46795 0 0.0043648566739910
47020 0 0.0043648566739910
47850 0 0.0123456790123457
47853 0 0.0087297133479821
47860 0 -0.0087297133479821
47905 0 0.0141421356237310
48040 0 0.0043648566739910
48228 0 0.0043648566739910
48445 0 0.0043648566739910
48670 0 0.0043648566739910
49500 0 0.0123456790123457
49503 0 0.0087297133479821
49510 0 -0.0087297133479821
49555 0 0.0141421356237310
49690 0 0.0043648566739910
49878 0 0.0043648566739910
50095 0 0.0043648566739910
50320 0 0.0043648566739910
51150 0 0.0123456790123457
51153 0 0.0087297133479821
51160 0 -0.0087297133479821
51205 0 0.0141421356237310
51340 0 0.0043648566739910
51528 0 0.0043648566739910
51745 0 0.0043648566739910
51970 0 0.0043648566739910
52800 0 0.0123456790123457
52803 0 0.0087297133479821
52810 0 -0.0087297133479821
52855 0 0.0141421356237310
52990 0 0.0043648566739910
53178 0 0.0043648566739910
53395 0 0.0043648566739910
53620 0 0.0043648566739910
54450 0 0.0123456790123457
54453 0 0.0087297133479821
54460 0 -0.0087297133479821
54505 0 0.0141421356237310
54640 0 0.0043648566739910
54828 0 0.0043648566739910
55045 0 0.0043648566739910
55270 0 0.0043648566739910
56100 0 0.0123456790123457
56103 0 0.0087297133479821
56110 0 -0.0087297133479821
56155 0 0.0141421356237310
56290 0 0.0043648566739910
56478 0 0.0043648566739910
56695 0 0.0043648566739910
56920 0 0.0043648566739910
57750 0 0.0123456790123457
57753 0 0.0087297133479821
57760 0 -0.0087297133479821
57805 0 0.0141421356237310
57940 0 0.0043648566739910
58128 0 0.0043648566739910
58345 0 0.0043648566739910
58570 0 0.0043648566739910
59400 0 0.0123456790123457
59403 0 0.0087297133479821
59410 0 -0.0087297133479821
59455 0 0.0141421356237310
59590 0 0.0043648566739910
59778 0 0.0043648566739910
59995 0 0.0043648566739910
60220 0 0.0043648566739910
61050 0 0.0123456790123457
61053 0 0.0087297133479821
61060 0 -0.0087297133479821
61105 0 0.0141421356237310
61240 0 0.0043648566739910
61428 0 0.0043648566739910
61645 0 0.0043648566739910
61870 0 0.0043648566739910
62700 0 0.0123456790123457
62703 0 0.0087297133479821
62710 0 -0.0087297133479821
62755 0 0.0141421356237310
62890 0 0.0043648566739910
63078 0 0.0043648566739910
63295 0 0.0043648566739910
63520 0 0.0043648566739910
64350 0 0.0123456790123457
64353 0 0.0087297133479821
64360 0 -0.0087297133479821
64405 0 0.0141421356237310
64540 0 0.0043648566739910
64728 0 0.0043648566739910
64945 0 0.0043648566739910
65170 0 0.0043648566739910
66000 0 0.0123456790123457
66003 0 0.0087297133479821
66010 0 -0.0087297133479821
66055 0 0.0141421356237310
66190 0 0.0043648566739910
66378 0 0.0043648566739910
66595 0 0.0043648566739910
66820 0 0.0043648566739910
67650 0 0.0123456790123457
67653 0 0.0087297133479821
67660 0 -0.0087297133479821
67705 0 0.0141421356237310
67840 0 0.0043648566739910
68028 0 0.0043648566739910
68245 0 0.0043648566739910
68470 0 0.0043648566739910
69300 0 0.0123456790123457
69303 0 0.0087297133479821
69310 0 -0.0087297133479821
69355 0 0.0141421356237310
69490 0 0.0043648566739910
69678 0 0.0043648566739910
69895 0 0.0043648566739910
70120 0 0.0043648566739910
70950 0 0.0123456790123457
70953 0 0.0087297133479821
70960 0 -0.0087297133479821
71005 0 0.0141421356237310
71140 0 0.0043648566739910
71328 0 0.0043648566739910
71545 0 0.0043648566739910
71770 0 0.0043648566739910
72600 0 0.0123456790123457
72603 0 0.0087297133479821
72610 0 -0.0087297133479821
72655 0 0.0141421356237310
72790 0 0.0043648566739910
72978 0 0.0043648566739910
73195 0 0.0043648566739910
73420 0 0.0043648566739910
74250 0 0.0123456790123457
74253 0 0.0087297133479821
74260 0 -0.0087297133479821
74305 0 0.0141421356237310
74440 0 0.0043648566739910
74628 0 0.0043648566739910
74845 0 0.0043648566739910
75070 0 0.0043648566739910
75900 0 0.0123456790123457
75903 0 0.0087297133479821
75910 0 -0.0087297133479821
75955 0 0.0141421356237310
76090 0 0.0043648566739910
76278 0 0.0043648566739910
76495 0 0.0043648566739910
76720 0 0.0043648566739910
77550 0 0.0123456790123457
77553 0 0.0087297133479821
77560 0 -0.0087297133479821
77605 0 0.0141421356237310
77740 0 0.0043648566739910
77928 0 0.0043648566739910
78145 0 0.0043648566739910
78370 0 0.0043648566739910
79200 0 0.0123456790123457
79203 0 0.0087297133479821
79210 0 -0.0087297133479821
79255 0 0.0141421356237310
79390 0 0.0043648566739910
79578 0 0.0043648566739910
79795 0 0.0043648566739910
80020 0 0.0043648566739910
80850 0 0.0123456790123457
80853 0 0.0087297133479821
80860 0 -0.0087297133479821
80905 0 0.0141421356237310
81040 0 0.0043648566739910
81228 0 0.0043648566739910
81445 0 0.0043648566739910
81670 0 0.0043648566739910
82500 0 0.0123456790123457
82503 0 0.0087297133479821
82510 0 -0.0087297133479821
82555 0 0.0141421356237310
82690 0 0.0043648566739910
82878 0 0.0043648566739910
83095 0 0.0043648566739910
83320 0 0.0043648566739910
84150 0 0.0123456790123457
84153 0 0.0087297133479821
84160 0 -0.0087297133479821
84205 0 0.0141421356237310
84340 0 0.0043648566739910
84528 0 0.0043648566739910
84745 0 0.0043648566739910
84970 0 0.0043648566739910
85800 0 0.0123456790123457
85803 0 0.0087297133479821
85810 0 -0.0087297133479821
85855 0 0.0141421356237310
85990 0 0.0043648566739910
86178 0 0.0043648566739910
86395 0 0.0043648566739910
86620 0 0.0043648566739910
87450 0 0.0123456790123457
87453 0 0.0087297133479821
87460 0 -0.0087297133479821
87505 0 0.0141421356237310
87640 0 0.0043648566739910
87828 0 0.0043648566739910
88045 0 0.0043648566739910
88270 0 0.0043648566739910
89100 0 0.0123456790123457
89103 0 0.0087297133479821
89110 0 -0.0087297133479821
89155 0 0.0141421356237310
89290 0 0.0043648566739910
89478 0 0.0043648566739910
89695 0 0.0043648566739910
89920 0 0.0043648566739910
90750 0 0.0123456790123457
90753 0 0.0087297133479821
90760 0 -0.0087297133479821
90805 0 0.0141421356237310
90940 0 0.0043648566739910
91128 0 0.0043648566739910
91345 0 0.0043648566739910
91570 0 0.0043648566739910
92400 0 0.0123456790123457
92403 0 0.0087297133479821
92410 0 -0.0087297133479821
92455 0 0.0141421356237310
92590 0 0.0043648566739910
92778 0 0.0043648566739910
92995 0 0.0043648566739910
93220 0 0.0043648566739910
94050 0 0.0123456790123457
94053 0 0.0087297133479821
94060 0 -0.0087297133479821
94105 0 0.0141421356237310
94240 0 0.0043648566739910
94428 0 0.0043648566739910
94645 0 0.0043648566739910
94870 0 0.0043648566739910
95700 0 0.0123456790123457
95703 0 0.0087297133479821
95710 0 -0.0087297133479821
95755 0 0.0141421356237310
95890 0 0.0043648566739910
96078 0 0.0043648566739910
96295 0 0.0043648566739910
96520 0 0.0043648566739910
97350 0 0.0123456790123457
97353 0 0.0087297133479821
97360 0 -0.0087297133479821
97405 0 0.0141421356237310
97540 0 0.0043648566739910
97728 0 0.0043648566739910
97945 0 0.0043648566739910
98170 0 0.0043648566739910
99000 0 0.0123456790123457
99003 0 0.0087297133479821
99010 0 -0.0087297133479821
99055 0 0.0141421356237310
99190 0 0.0043648566739910
99378 0 0.0043648566739910
99595 0 0.0043648566739910
99820 0 0.0043648566739910
100650 0 0.0123456790123457
100653 0 0.0087297133479821
100660 0 -0.0087297133479821
100705 0 0.0141421356237310
100840 0 0.0043648566739910
101028 0 0.0043648566739910
101245 0 0.0043648566739910
101470 0 0.0043648566739910
102300 0 0.0123456790123457
102303 0 0.0087297133479821
102310 0 -0.0087297133479821
102355 0 0.0141421356237310
102490 0 0.0043648566739910
102678 0 0.0043648566739910
102895 0 0.0043648566739910
103120 0 0.0043648566739910
103950 0 0.0123456790123457
103953 0 0.0087297133479821
103960 0 -0.0087297133479821
104005 0 0.0141421356237310
104140 0 0.0043648566739910
104328 0 0.0043648566739910
104545 0 0.0043648566739910
104770 0 0.0043648566739910
105600 0 0.0123456790123457
105603 0 0.0087297133479821
105610 0 -0.0087297133479821
105655 0 0.0141421356237310
105790 0 0.0043648566739910
105978 0 0.0043648566739910
106195 0 0.0043648566739910
106420 0 0.0043648566739910
107250 0 0.0123456790123457
107253 0 0.0087297133479821
107260 0 -0.0087297133479821
107305 0 0.0141421356237310
107440 0 0.0043648566739910
107628 0 0.0043648566739910
107845 0 0.0043648566739910
108070 0 0.0043648566739910
108900 0 0.0123456790123457
108903 0 0.0087297133479821
108910 0 -0.0087297133479821
108955 0 0.0141421356237310
109090 0 0.0043648566739910
109278 0 0.0043648566739910
109495 0 0.0043648566739910
109720 0 0.0043648566739910
110550 0 0.0123456790123457
110553 0 0.0087297133479821
110560 0 -0.0087297133479821
110605 0 0.0141421356237310
110740 0 0.0043648566739910
110928 0 0.0043648566739910
111145 0 0.0043648566739910
111370 0 0.0043648566739910
112200 0 0.0123456790123457
112203 0 0.0087297133479821
112210 0 -0.0087297133479821
112255 0 0.0141421356237310
112390 0 0.0043648566739910
112578 0 0.0043648566739910
112795 0 0.0043648566739910
113020 0 0.0043648566739910
113850 0 0.0123456790123457
113853 0 0.0087297133479821
113860 0 -0.0087297133479821
113905 0 0.0141421356237310
114040 0 0.0043648566739910
114228 0 0.0043648566739910
114445 0 0.0043648566739910
114670 0 0.0043648566739910
115500 0 0.0123456790123457
115503 0 0.0087297133479821
115510 0 -0.0087297133479821
115555 0 0.0141421356237310
115690 0 0.0043648566739910
115878 0 0.0043648566739910
116095 0 0.0043648566739910
116320 0 0.0043648566739910
117150 0 0.0123456790123457
117153 0 0.0087297133479821
117160 0 -0.0087297133479821
117205 0 0.0141421356237310
117340 0 0.0043648566739910
117528 0 0.0043648566739910
117745 0 0.0043648566739910
117970 0 0.0043648566739910
118800 0 0.0123456790123457
118803 0 0.0087297133479821
118810 0 -0.0087297133479821
118855 0 0.0141421356237310
118990 0 0.0043648566739910
119178 0 0.0043648566739910
119395 0 0.0043648566739910
119620 0 0.0043648566739910
120450 0 0.0123456790123457
120453 0 0.0087297133479821
120460 0 -0.0087297133479821
120505 0 0.0141421356237310
120640 0 0.0043648566739910
120828 0 0.0043648566739910
121045 0 0.0043648566739910
121270 0 0.0043648566739910
122100 0 0.0123456790123457
122103 0 0.0087297133479821
122110 0 -0.0087297133479821
122155 0 0.0141421356237310
122290 0 0.0043648566739910
122478 0 0.0043648566739910
122695 0 0.0043648566739910
122920 0 0.0043648566739910
123750 0 0.0123456790123457
123753 0 0.0087297133479821
123760 0 -0.0087297133479821
123805 0 0.0141421356237310
123940 0 0.0043648566739910
124128 0 0.0043648566739910
124345 0 0.0043648566739910
124570 0 0.0043648566739910
125400 0 0.0123456790123457
125403 0 0.0087297133479821
125410 0 -0.0087297133479821
125455 0 0.0141421356237310
125590 0 0.0043648566739910
125778 0 0.0043648566739910
125995 0 0.0043648566739910
126220 0 0.0043648566739910
127050 0 0.0123456790123457
127053 0 0.0087297133479821
127060 0 -0.0087297133479821
127105 0 0.0141421356237310
127240 0 0.0043648566739910
127428 0 0.0043648566739910
127645 0 0.0043648566739910
127870 0 0.0043648566739910
128700 0 0.0123456790123457
128703 0 0.0087297133479821
128710 0 -0.0087297133479821
128755 0 0.0141421356237310
128890 0 0.0043648566739910
129078 0 0.0043648566739910
129295 0 0.0043648566739910
129520 0 0.0043648566739910
130350 0 0.0246913580246914
130353 0 0.0087297133479821
130360 0 -0.0087297133479821
130371 0 0.0087297133479821
130386 0 -0.0087297133479821
130405 0 0.0141421356237310
130540 0 0.0043648566739910
130728 0 0.0043648566739910
130945 0 0.0043648566739910
131170 0 0.0043648566739910
131385 0 0.0043648566739910
131575 0 0.0043648566739910
131728 0 0.0043648566739910
131835 0 0.0043648566739910
