0 0 1.0000000000000000
1 0 0.0072523772429389
3 0 0.0072523772429389
6 0 0.0090654715536737
10 0 0.0090654715536737
394 0 0.0036261886214695
396 0 0.0036261886214695
399 0 0.0090654715536737
403 0 0.0090654715536737
787 0 0.0072523772429389
789 0 0.0072523772429389
792 0 0.0090654715536737
796 0 0.0090654715536737
1180 0 0.0072523772429389
1182 0 0.0072523772429389
1185 0 0.0090654715536737
1189 0 0.0090654715536737
1573 0 0.0072523772429389
1575 0 0.0072523772429389
1578 0 0.0090654715536737
1582 0 0.0090654715536737
1966 0 0.0072523772429389
1968 0 0.0072523772429389
1971 0 0.0090654715536737
1975 0 0.0090654715536737
2359 0 0.0072523772429389
2361 0 0.0072523772429389
2364 0 0.0090654715536737
2368 0 0.0090654715536737
2752 0 0.0072523772429389
2754 0 0.0072523772429389
2757 0 0.0090654715536737
2761 0 0.0090654715536737
3145 0 0.0072523772429389
3147 0 0.0072523772429389
3150 0 0.0090654715536737
3154 0 0.0090654715536737
3538 0 0.0072523772429389
3540 0 0.0072523772429389
3543 0 0.0090654715536737
3547 0 0.0090654715536737
3931 0 0.0072523772429389
3933 0 0.0072523772429389
3936 0 0.0090654715536737
3940 0 0.0090654715536737
4324 0 0.0072523772429389
4326 0 0.0072523772429389
4329 0 0.0090654715536737
4333 0 0.0090654715536737
4717 0 0.0072523772429389
4719 0 0.0072523772429389
4722 0 0.0090654715536737
4726 0 0.0090654715536737
5110 0 0.0072523772429389
5112 0 0.0072523772429389
5115 0 0.0090654715536737
5119 0 0.0090654715536737
5503 0 0.0072523772429389
5505 0 0.0072523772429389
5508 0 0.0090654715536737
5512 0 0.0090654715536737
5896 0 0.0072523772429389
5898 0 0.0072523772429389
5901 0 0.0090654715536737
5905 0 0.0090654715536737
6289 0 0.0072523772429389
6291 0 0.0072523772429389
6294 0 0.0090654715536737
6298 0 0.0090654715536737
6682 0 0.0072523772429389
6684 0 0.0072523772429389
6687 0 0.0090654715536737
6691 0 0.0090654715536737
7075 0 0.0072523772429389
7077 0 0.0072523772429389
7080 0 0.0090654715536737
7084 0 0.0090654715536737
7468 0 0.0072523772429389
7470 0 0.0072523772429389
7473 0 0.0090654715536737
7477 0 0.0090654715536737
7861 0 0.0072523772429389
7863 0 0.0072523772429389
7866 0 0.0090654715536737
7870 0 0.0090654715536737
8254 0 0.0072523772429389
8256 0 0.0072523772429389
8259 0 0.0090654715536737
8263 0 0.0090654715536737
8647 0 0.0072523772429389
8649 0 0.0072523772429389
8652 0 0.0090654715536737
8656 0 0.0090654715536737
9040 0 0.0072523772429389
9042 0 0.0072523772429389
9045 0 0.0090654715536737
9049 0 0.0090654715536737
9433 0 0.0072523772429389
9435 0 0.0072523772429389
9438 0 0.0090654715536737
9442 0 0.0090654715536737
9826 0 0.0072523772429389
9828 0 0.0072523772429389
9831 0 0.0090654715536737
9835 0 0.0090654715536737
10219 0 0.0072523772429389
10221 0 0.0072523772429389
10224 0 0.0090654715536737
10228 0 0.0090654715536737
10612 0 0.0072523772429389
10614 0 0.0072523772429389
10617 0 0.0090654715536737
10621 0 0.0090654715536737
11005 0 0.0072523772429389
11007 0 0.0072523772429389
11010 0 0.0090654715536737
11014 0 0.0090654715536737
11398 0 0.0036261886214695
11400 0 0.0036261886214695
11403 0 0.0090654715536737
11407 0 0.0090654715536737
11791 0 0.0181309431073474
11793 0 0.0181309431073474
11796 0 0.0181309431073474
11800 0 0.0181309431073474
11846 0 -0.0362618862146947
11932 0 0.0181309431073474
11934 0 0.0181309431073474
11937 0 0.0181309431073474
11941 0 0.0181309431073474
11987 0 -0.0362618862146947
12073 0 0.0181309431073474
12075 0 0.0181309431073474
12078 0 0.0181309431073474
12082 0 0.0181309431073474
12128 0 -0.0362618862146947
12219 0 0.0181309431073474
12223 0 0.0181309431073474
12324 0 0.0181309431073474
12326 0 0.0181309431073474
12329 0 0.0181309431073474
12333 0 0.0181309431073474
12379 0 -0.0362618862146947
12602 0 0.0181309431073474
12604 0 0.0181309431073474
12607 0 0.0181309431073474
12611 0 0.0181309431073474
12657 0 -0.0362618862146947
12743 0 0.0181309431073474
12745 0 0.0181309431073474
12748 0 0.0181309431073474
12752 0 0.0181309431073474
12798 0 -0.0362618862146947
12884 0 0.0181309431073474
12886 0 0.0181309431073474
12889 0 0.0181309431073474
12893 0 0.0181309431073474
12939 0 -0.0362618862146947
13025 0 0.0181309431073474
13027 0 0.0181309431073474
13030 0 0.0181309431073474
13034 0 0.0181309431073474
13080 0 -0.0362618862146947
13166 0 0.0181309431073474
13168 0 0.0181309431073474
13171 0 0.0181309431073474
13175 0 0.0181309431073474
13221 0 -0.0362618862146947
13307 0 0.0181309431073474
13309 0 0.0181309431073474
13312 0 0.0181309431073474
13316 0 0.0181309431073474
13362 0 -0.0362618862146947
13448 0 0.0181309431073474
13450 0 0.0181309431073474
13453 0 0.0181309431073474
13457 0 0.0181309431073474
13503 0 -0.0362618862146947
13589 0 0.0181309431073474
13591 0 0.0181309431073474
13594 0 0.0181309431073474
13598 0 0.0181309431073474
13644 0 -0.0362618862146947
13730 0 0.0181309431073474
13732 0 0.0181309431073474
13735 0 0.0181309431073474
13739 0 0.0181309431073474
13785 0 -0.0362618862146947
13871 0 0.0181309431073474
13873 0 0.0181309431073474
13876 0 0.0181309431073474
13880 0 0.0181309431073474
13926 0 -0.0362618862146947
14012 0 0.0181309431073474
14014 0 0.0181309431073474
14017 0 0.0181309431073474
14021 0 0.0181309431073474
14067 0 -0.0362618862146947
14153 0 0.0181309431073474
14155 0 0.0181309431073474
14158 0 0.0181309431073474
14162 0 0.0181309431073474
14208 0 -0.0362618862146947
14294 0 0.0181309431073474
14296 0 0.0181309431073474
14299 0 0.0181309431073474
14303 0 0.0181309431073474
14349 0 -0.0362618862146947
14435 0 0.0181309431073474
14437 0 0.0181309431073474
14440 0 0.0181309431073474
14444 0 0.0181309431073474
14490 0 -0.0362618862146947
14576 0 0.0181309431073474
14578 0 0.0181309431073474
14581 0 0.0181309431073474
14585 0 0.0181309431073474
14631 0 -0.0362618862146947
14717 0 0.0181309431073474
14719 0 0.0181309431073474
14722 0 0.0181309431073474
14726 0 0.0181309431073474
14772 0 -0.0362618862146947
14858 0 0.0181309431073474
14860 0 0.0181309431073474
14863 0 0.0181309431073474
14867 0 0.0181309431073474
14913 0 -0.0362618862146947
14999 0 0.0181309431073474
15001 0 0.0181309431073474
15004 0 0.0181309431073474
15008 0 0.0181309431073474
15054 0 -0.0362618862146947
15140 0 0.0181309431073474
15142 0 0.0181309431073474
15145 0 0.0181309431073474
15149 0 0.0181309431073474
15195 0 -0.0362618862146947
15281 0 0.0181309431073474
15283 0 0.0181309431073474
15286 0 0.0181309431073474
15290 0 0.0181309431073474
15336 0 -0.0362618862146947
15422 0 0.0181309431073474
15424 0 0.0181309431073474
15427 0 0.0181309431073474
15431 0 0.0181309431073474
15477 0 -0.0362618862146947
15563 0 0.0181309431073474
15565 0 0.0181309431073474
15568 0 0.0181309431073474
15572 0 0.0181309431073474
15618 0 -0.0362618862146947
15704 0 0.0181309431073474
15706 0 0.0181309431073474
15709 0 0.0181309431073474
15713 0 0.0181309431073474
15759 0 -0.0362618862146947
15845 0 0.0181309431073474
15847 0 0.0181309431073474
15850 0 0.0181309431073474
15854 0 0.0181309431073474
15900 0 -0.0362618862146947
16366 0 0.0181309431073474
16373 0 0.0181309431073474
16437 0 -0.0362618862146947
27234 0 -0.0072523772429389
27309 0 -0.0072523772429389
27384 0 -0.0072523772429389
27459 0 -0.0072523772429389
27534 0 -0.0072523772429389
27609 0 -0.0072523772429389
27684 0 -0.0072523772429389
27759 0 -0.0072523772429389
27834 0 -0.0072523772429389
27909 0 -0.0072523772429389
27984 0 -0.0072523772429389
28059 0 -0.0072523772429389
28134 0 -0.0072523772429389
28212 0 -0.0072523772429389
28305 0 -0.0072523772429389
28381 0 -0.0072523772429389
28456 0 -0.0072523772429389
28531 0 -0.0072523772429389
28606 0 -0.0072523772429389
28681 0 -0.0072523772429389
28756 0 -0.0072523772429389
28831 0 -0.0072523772429389
28906 0 -0.0072523772429389
28981 0 -0.0072523772429389
29056 0 -0.0072523772429389
29131 0 -0.0072523772429389
29206 0 -0.0072523772429389
29281 0 -0.0072523772429389
29356 0 -0.0072523772429389
29431 0 -0.0072523772429389
29506 0 -0.0072523772429389
29581 0 -0.0072523772429389
29656 0 -0.0072523772429389
29728 0 -0.0072523772429389
29806 0 -0.0072523772429389
29902 0 -0.0072523772429389
29976 0 -0.0072523772429389
30051 0 -0.0072523772429389
30126 0 -0.0072523772429389
30201 0 -0.0072523772429389
30276 0 -0.0072523772429389
30351 0 -0.0072523772429389
30426 0 -0.0072523772429389
30501 0 -0.0072523772429389
30576 0 -0.0072523772429389
30651 0 -0.0072523772429389
30726 0 -0.0072523772429389
30804 0 -0.0072523772429389
30879 0 -0.0072523772429389
30954 0 -0.0072523772429389
31029 0 -0.0072523772429389
31104 0 -0.0072523772429389
31179 0 -0.0072523772429389
31254 0 -0.0072523772429389
31326 0 -0.0072523772429389
31401 0 -0.0072523772429389
32783 0 -0.0072523772429389
32809 0 0.1813094310734737
32816 0 0.1813094310734737
32870 0 -0.3626188621469474
32921 0 -0.0072523772429389
33106 0 0.1813094310734737
33256 0 0.1813094310734737
