0 0 1.0000000000000000
11 0 1.9999000000000000
12 0 0.0199990000000000
31 0 -1.7319640000000001
32 0 -0.9999500000000000
33 0 0.0199990000000000
52 0 1.7319640000000001
53 0 -0.9999502000000000
54 0 0.0199990000000000
56 0 0.0880823200000000
57 0 -0.0151126400000000
58 0 0.0115605100000000
59 0 -0.0757873300000000
60 0 0.0610510500000000
61 0 -0.0281073000000000
62 0 0.0647205600000000
63 0 -0.0158865900000000
64 0 0.0123190300000000
65 0 -0.0002478151000000
66 0 0.0247815100000000
67 0 0.0468499200000000
68 0 -0.0793886200000000
69 0 0.0878915600000000
70 0 -0.0014813450000000
71 0 -0.0028332010000000
72 0 -0.0133718300000000
73 0 0.0255988700000000
74 0 -0.0359645600000000
75 0 0.0280037800000000
76 0 -0.0693974900000000
77 0 0.0228165600000000
78 0 -0.0075414860000000
79 0 0.0093266980000000
80 0 -0.0358734300000000
81 0 0.0599222300000000
82 0 -0.0516903900000000
83 0 0.0005197592000000
84 0 -0.0519759200000000
85 0 0.0361287100000000
86 0 -0.0611565000000000
87 0 0.0710132300000000
88 0 -0.0391986200000000
89 0 -0.0664107200000000
90 0 0.0741629200000000
91 0 -0.0479447700000000
92 0 0.0121418200000000
93 0 -0.0421514500000000
94 0 -0.0174796100000000
95 0 0.0187290200000000
96 0 0.0800543700000000
97 0 -0.0946604300000000
98 0 -0.0269996500000000
99 0 -0.0387271300000000
100 0 -0.0128257800000000
101 0 -0.0005318494000000
102 0 0.0531849400000000
103 0 -0.0178731400000000
104 0 0.0301588700000000
105 0 -0.0399162300000000
106 0 -0.0342723900000000
107 0 -0.0576636000000000
108 0 0.0848959900000000
109 0 -0.0966763600000000
110 0 0.0803162900000000
111 0 -0.0169666700000000
112 0 0.0060827630000000
113 0 0.0866413700000000
114 0 0.0009174283000000
115 0 0.0035014960000000
116 0 -0.0567185200000000
117 0 0.0170190200000000
118 0 -0.0424230300000000
119 0 0.0003109445000000
120 0 -0.0310944500000000
121 0 0.0181977100000000
122 0 -0.0311718200000000
123 0 0.0173767700000000
124 0 0.0457482800000000
125 0 0.0794173900000000
126 0 0.0089526170000000
127 0 0.0496158700000000
128 0 0.0155809400000000
129 0 0.0810684100000000
130 0 -0.0291160100000000
131 0 0.0639632700000000
132 0 -0.0644497200000000
133 0 -0.0699620900000000
134 0 -0.0005914147000000
135 0 -0.0719503500000000
136 0 0.0749415600000000
137 0 -0.0003520265000000
138 0 0.0352026500000000
139 0 0.0106057700000000
140 0 -0.0177172000000000
141 0 0.0326269600000000
142 0 0.0195739000000000
143 0 0.0347090500000000
144 0 0.0403034500000000
145 0 -0.0012983780000000
146 0 0.0002949033000000
147 0 -0.0670529800000000
148 0 0.0051608740000000
149 0 0.0356862000000000
150 0 -0.0306815900000000
151 0 -0.0858464900000000
152 0 0.0629820900000000
153 0 -0.0086764980000000
154 0 0.0332139600000000
155 0 0.0013536840000000
156 0 -0.1353684000000000
157 0 0.0046044530000000
158 0 -0.0083397660000000
159 0 -0.0182309700000000
160 0 -0.0155884700000000
161 0 -0.0276292600000000
162 0 -0.0314625200000000
163 0 0.0581236300000000
164 0 -0.0277322800000000
165 0 -0.0720583300000000
166 0 -0.0780844000000000
167 0 0.0522590900000000
168 0 0.0008495564000000
169 0 -0.0300251300000000
170 0 0.0573065300000000
171 0 0.0466488300000000
172 0 -0.0536740200000000
173 0 -0.0007828832000000
174 0 0.0782883200000000
175 0 0.0187168800000000
176 0 -0.0330429900000000
177 0 -0.0312200600000000
178 0 0.0264240200000000
179 0 0.0450424400000000
180 0 -0.0362646000000000
181 0 -0.0549662100000000
182 0 0.0427676300000000
183 0 0.0045278080000000
184 0 -0.0522418200000000
185 0 -0.0372427200000000
186 0 -0.0509201400000000
187 0 0.0359865000000000
188 0 0.0896676200000000
189 0 0.0649690900000000
190 0 0.0489800500000000
191 0 -0.0000257561800000
192 0 0.0025756180000000
193 0 -0.0106627400000000
194 0 0.0175651500000000
195 0 -0.0451627000000000
196 0 0.0077439480000000
197 0 0.0153826400000000
198 0 0.0984865300000000
199 0 -0.0833993900000000
200 0 -0.0074177990000000
201 0 0.0876828200000000
202 0 -0.0493836100000000
203 0 -0.0410243700000000
204 0 -0.0304180000000000
205 0 -0.0867625800000000
206 0 -0.0072432930000000
207 0 0.0529577600000000
208 0 -0.0223284300000000
209 0 -0.0002068528000000
210 0 0.0206852800000000
211 0 -0.0054829750000000
212 0 0.0094161030000000
213 0 -0.0040344500000000
214 0 -0.0108405500000000
215 0 -0.0205947700000000
216 0 -0.0909195700000000
217 0 -0.0010024610000000
218 0 -0.0358400800000000
219 0 0.0330017400000000
220 0 -0.0569842700000000
221 0 0.0347094900000000
222 0 0.1267932000000000
223 0 0.0092378890000000
224 0 0.0236921000000000
225 0 0.0330922500000000
226 0 0.0657109400000000
227 0 0.0003859597000000
228 0 -0.0385959700000000
229 0 -0.0321122100000000
230 0 0.0566584800000000
231 0 0.0519247000000000
232 0 0.0245745100000000
233 0 0.0422680800000000
234 0 -0.0148109700000000
235 0 -0.0019710120000000
236 0 -0.0279762100000000
237 0 -0.0111662400000000
238 0 0.0708050400000000
239 0 0.0023205670000000
240 0 -0.0399772600000000
241 0 -0.0449603800000000
242 0 0.0537010000000000
243 0 0.0245534400000000
244 0 -0.0722646900000000
245 0 -0.0001567591000000
246 0 0.0156759100000000
247 0 -0.0442079300000000
248 0 0.0786620900000000
249 0 0.1045860000000000
250 0 0.0135930300000000
251 0 0.0243531700000000
252 0 0.0404678300000000
253 0 0.0963645900000000
254 0 0.1059296000000000
255 0 0.0476550700000000
256 0 -0.0287838800000000
257 0 -0.0308149000000000
258 0 0.0211885700000000
259 0 -0.0232079700000000
260 0 -0.0115648800000000
261 0 0.0050344400000000
262 0 -0.0753849700000000
263 0 0.0005230318000000
264 0 -0.0523031800000000
265 0 -0.0296801500000000
266 0 0.0505120000000000
267 0 -0.0447767200000000
268 0 0.0096316960000000
269 0 0.0168431700000000
270 0 0.0080292070000000
271 0 0.0277765500000000
272 0 0.0485765200000000
273 0 -0.0908847800000000
274 0 -0.0428014100000000
275 0 -0.0309815400000000
276 0 -0.0473056700000000
277 0 -0.0127196900000000
278 0 -0.0933249500000000
279 0 0.0490972300000000
280 0 0.0711521700000000
281 0 -0.0002096339000000
282 0 0.0209633900000000
283 0 -0.0263000000000000
284 0 0.0467046400000000
285 0 0.0575856600000000
286 0 -0.0055694010000000
287 0 -0.0100816000000000
288 0 -0.0217556400000000
289 0 0.0186063300000000
290 0 -0.0664935400000000
291 0 -0.0058655730000000
292 0 0.0355107200000000
293 0 -0.0854135300000000
294 0 0.0165925100000000
295 0 -0.0703509300000000
296 0 -0.0542265500000000
297 0 0.0416050100000000
298 0 0.0174437800000000
299 0 0.0002822590000000
300 0 -0.0282259000000000
301 0 0.0241710900000000
302 0 -0.0425373400000000
303 0 -0.0335893500000000
304 0 0.0480148000000000
305 0 0.0842082800000000
306 0 0.0522114400000000
307 0 -0.0383719300000000
308 0 -0.0372097300000000
309 0 -0.0342660600000000
310 0 -0.1019130000000000
311 0 -0.0655540400000000
312 0 -0.0235709500000000
313 0 0.0201274300000000
314 0 -0.0023607860000000
315 0 -0.1185282000000000
316 0 -0.0460901500000000
317 0 0.0003240854000000
318 0 -0.0324085400000000
319 0 -0.0090585000000000
320 0 0.0162630900000000
321 0 0.0286652100000000
322 0 0.0218411600000000
323 0 0.0379032600000000
324 0 0.0036631080000000
