0 0 13.2270019599984501
1 0 2.0801061859301599
3 0 -0.0000000000000100
4 0 0.0236497114348100
5 0 0.3569684954883700
6 0 0.3569684954883800
7 0 3.6877420541321002
10 0 -0.2160905303005800
11 0 0.5440390557735800
12 0 0.5440390557735800
13 0 3.4063699999999999
18 0 3.5713784944415501
20 0 0.3714945411660100
21 0 -0.3714945411660100
22 0 3.4421013977259500
23 0 -0.1705759318382100
24 0 -0.1705759318382100
25 0 2.5116162850429902
26 0 0.0892041988401100
27 0 2.5116162850429902
28 0 13.2270019599984501
29 0 2.0801061859301599
31 0 -0.0000000000000100
32 0 0.0236497114348100
33 0 0.3569684954883700
34 0 0.3569684954883800
35 0 3.6877420541321002
38 0 -0.2160905303005800
39 0 0.5440390557735800
40 0 0.5440390557735800
41 0 3.4063699999999999
46 0 3.5713784944415501
48 0 0.3714945411660100
49 0 -0.3714945411660100
50 0 3.4421013977259500
51 0 -0.1705759318382100
52 0 -0.1705759318382100
53 0 2.5116162850429902
54 0 0.0892041988401100
55 0 2.5116162850429902
56 0 -0.7377750104019700
59 0 0.0566541203251400
60 0 -0.0031315263437800
61 0 -0.0031315263437900
64 0 0.0057560552870000
65 0 0.0119074670365100
66 0 0.0119074670365100
72 0 -0.0076156750103200
73 0 0.0076156750103200
74 0 0.0026798316650800
75 0 0.0026798316650800
77 0 -0.7267239582378801
82 0 -0.0055182785616800
88 0 0.0042643855399600
89 0 0.0136586614012700
90 0 0.0136586614012700
97 0 -0.8121658237663500
99 0 0.0808400998532600
100 0 -0.0808400998532600
102 0 -0.0014652060846900
104 0 -0.0086294987540000
105 0 0.0086294987540000
110 0 0.0046539265251800
111 0 0.0114422175654200
112 0 0.0114422175654200
113 0 0.0018624002481500
114 0 -0.0018624002481500
115 0 -0.0005785375721100
116 0 -0.7426322097273900
117 0 -0.0299920189402800
118 0 -0.0299920189402900
121 0 -0.0050001981663600
122 0 0.0029575264591700
123 0 0.0029575264591700
129 0 0.0018185717085600
130 0 -0.0018185717085600
131 0 0.0130555994631800
132 0 0.0130555994631800
134 0 -0.4046923289640600
135 0 0.0072292511242700
137 0 -0.0010138237436800
138 0 0.0002776947940900
139 0 -0.0071452554015200
140 0 -0.0008316662538400
145 0 -0.0000438285395900
146 0 -0.0113871945646100
147 0 -0.0002892687860500
148 0 0.0017685514865600
149 0 0.0003786777402800
150 0 0.0081508435451200
151 0 -0.4046923289640600
153 0 0.0010138237436800
154 0 0.0002776947940900
155 0 -0.0008316662538400
156 0 -0.0071452554015200
161 0 0.0000438285395900
162 0 0.0002892687860500
163 0 0.0113871945646100
164 0 0.0003786777402800
165 0 0.0017685514865600
166 0 -0.0081508435451200
167 0 -0.4259739240315500
173 0 -0.0176694039841400
174 0 0.0020233970476600
175 0 0.0020233970476600
182 0 -0.4723594155556400
184 0 0.0077080772357200
185 0 -0.0077080772357200
190 0 -0.0174358804336200
191 0 -0.0214907837371800
192 0 -0.0214907837371800
193 0 0.0106041372522000
194 0 -0.0106041372522000
195 0 0.0049875042038700
196 0 -0.4346041295451200
197 0 -0.0006736769007000
198 0 -0.0006736769007000
204 0 0.0104504415873800
205 0 -0.0104504415873800
206 0 -0.0028200617768500
207 0 -0.0028200617768500
209 0 -0.3700084749315800
210 0 -0.0000283005240300
215 0 -0.0001536956648200
216 0 -0.1587693545107200
217 0 0.0024937521019400
218 0 0.0885322580920800
219 0 -0.0017170681860400
220 0 0.0181468590001400
221 0 -0.3700084749315800
226 0 0.0001536956648200
227 0 -0.0024937521019400
228 0 0.1587693545107200
229 0 -0.0017170681860400
230 0 0.0885322580920800
231 0 -0.0181468590001400
232 0 -0.5233731178723600
234 0 0.0242651716518900
235 0 -0.0242651716518900
242 0 -0.4979906311962700
243 0 -0.0089974094907600
244 0 -0.0089974094907600
251 0 -0.3558909960711800
252 0 0.0012571143386100
259 0 -0.3558909960711800
266 0 -0.5288396790442400
267 0 -0.0082256156741300
268 0 -0.0082256156741300
269 0 -0.0236316917131500
270 0 0.0236316917131500
271 0 -0.0019063097493000
272 0 -0.3903634196753200
273 0 0.0036501760185900
274 0 0.0039779066558200
275 0 -0.0009531548746500
276 0 0.0350189454051100
277 0 -0.3903634196753200
278 0 0.0009531548746500
279 0 -0.0039779066558200
280 0 0.0350189454051100
281 0 -0.3639486723507600
282 0 0.0020114417671800
283 0 0.0103023249634800
284 0 -0.3639486723507600
285 0 -0.0103023249634800
286 0 -0.2261560243869700
287 0 -0.7377750104019700
290 0 0.0566541203251400
291 0 -0.0031315263437800
292 0 -0.0031315263437900
295 0 0.0057560552870000
296 0 0.0119074670365100
297 0 0.0119074670365100
303 0 -0.0076156750103200
304 0 0.0076156750103200
305 0 0.0026798316650800
306 0 0.0026798316650800
308 0 -0.7267239582378801
313 0 -0.0055182785616800
319 0 0.0042643855399600
320 0 0.0136586614012700
321 0 0.0136586614012700
328 0 -0.8121658237663500
330 0 0.0808400998532600
331 0 -0.0808400998532600
333 0 -0.0014652060846900
335 0 -0.0086294987540000
336 0 0.0086294987540000
341 0 0.0046539265251800
342 0 0.0114422175654200
343 0 0.0114422175654200
344 0 0.0018624002481500
345 0 -0.0018624002481500
346 0 -0.0005785375721100
347 0 -0.7426322097273900
348 0 -0.0299920189402800
349 0 -0.0299920189402900
352 0 -0.0050001981663600
353 0 0.0029575264591700
354 0 0.0029575264591700
360 0 0.0018185717085600
361 0 -0.0018185717085600
362 0 0.0130555994631800
363 0 0.0130555994631800
365 0 -0.4046923289640600
366 0 0.0072292511242700
368 0 -0.0010138237436800
369 0 0.0002776947940900
370 0 -0.0071452554015200
371 0 -0.0008316662538400
376 0 -0.0000438285395900
377 0 -0.0113871945646100
378 0 -0.0002892687860500
379 0 0.0017685514865600
380 0 0.0003786777402800
381 0 0.0081508435451200
382 0 -0.4046923289640600
384 0 0.0010138237436800
385 0 0.0002776947940900
386 0 -0.0008316662538400
387 0 -0.0071452554015200
392 0 0.0000438285395900
393 0 0.0002892687860500
394 0 0.0113871945646100
395 0 0.0003786777402800
396 0 0.0017685514865600
397 0 -0.0081508435451200
398 0 -0.4259739240315500
404 0 -0.0176694039841400
405 0 0.0020233970476600
406 0 0.0020233970476600
413 0 -0.4723594155556400
415 0 0.0077080772357200
416 0 -0.0077080772357200
421 0 -0.0174358804336200
422 0 -0.0214907837371800
423 0 -0.0214907837371800
424 0 0.0106041372522000
425 0 -0.0106041372522000
426 0 0.0049875042038700
427 0 -0.4346041295451200
428 0 -0.0006736769007000
429 0 -0.0006736769007000
435 0 0.0104504415873800
436 0 -0.0104504415873800
437 0 -0.0028200617768500
438 0 -0.0028200617768500
440 0 -0.3700084749315800
441 0 -0.0000283005240300
446 0 -0.0001536956648200
447 0 -0.1587693545107200
448 0 0.0024937521019400
449 0 0.0885322580920800
450 0 -0.0017170681860400
451 0 0.0181468590001400
452 0 -0.3700084749315800
457 0 0.0001536956648200
458 0 -0.0024937521019400
459 0 0.1587693545107200
460 0 -0.0017170681860400
461 0 0.0885322580920800
462 0 -0.0181468590001400
463 0 -0.5233731178723600
465 0 0.0242651716518900
466 0 -0.0242651716518900
473 0 -0.4979906311962700
474 0 -0.0089974094907600
475 0 -0.0089974094907600
482 0 -0.3558909960711800
483 0 0.0012571143386100
490 0 -0.3558909960711800
497 0 -0.5288396790442400
498 0 -0.0082256156741300
499 0 -0.0082256156741300
500 0 -0.0236316917131500
501 0 0.0236316917131500
502 0 -0.0019063097493000
503 0 -0.3903634196753200
504 0 0.0036501760185900
505 0 0.0039779066558200
506 0 -0.0009531548746500
507 0 0.0350189454051100
508 0 -0.3903634196753200
509 0 0.0009531548746500
510 0 -0.0039779066558200
511 0 0.0350189454051100
512 0 -0.3639486723507600
513 0 0.0020114417671800
514 0 0.0103023249634800
515 0 -0.3639486723507600
516 0 -0.0103023249634800
517 0 -0.2261560243869700
518 0 -3.0234169310063801
519 0 0.0945406921252800
522 0 -0.0337594370333000
523 0 -0.1229412433486900
524 0 -0.1229412433486900
525 0 0.0945406921252800
526 0 -0.0274991993000300
529 0 0.0042318832726600
530 0 0.0044505376215600
531 0 0.0044505376215600
534 0 -0.0310397949773700
542 0 -0.0446703247416400
544 0 0.0093503762587100
545 0 -0.0093503762587100
546 0 -0.0337594370333000
547 0 0.0042318832726600
550 0 -0.0336689619994500
551 0 -0.0041751806428300
552 0 -0.0041751806428300
553 0 -0.1229412433486900
554 0 0.0044505376215600
556 0 0.0093503762587100
557 0 -0.0041751806428300
558 0 -0.0055947807163400
559 0 -0.0012768283897900
560 0 -0.1229412433486900
561 0 0.0044505376215600
563 0 -0.0093503762587100
564 0 -0.0041751806428300
565 0 -0.0012768283897900
566 0 -0.0055947807163400
567 0 -0.7515246100519800
570 0 0.0608860035978000
571 0 0.0013190112777800
572 0 0.0013190112777700
573 0 -0.0274991993000300
574 0 -0.0324491797569300
577 0 0.0059939566950500
578 0 -0.0001546544822400
579 0 -0.0001546544822400
582 0 -0.0264304958717100
590 0 -0.0405697329574900
592 0 0.0048009500449100
593 0 -0.0048009500449100
594 0 0.0042318832726600
595 0 0.0002379014080600
598 0 -0.0290526745249300
599 0 -0.0016822739393400
600 0 -0.0016822739393400
601 0 0.0044505376215600
602 0 -0.0120621215187500
604 0 0.0124166250552300
605 0 -0.0043621056044200
606 0 -0.0010982696909300
607 0 0.0013174424246000
608 0 0.0044505376215600
609 0 -0.0120621215187500
611 0 -0.0124166250552300
612 0 -0.0043621056044200
613 0 0.0013174424246000
614 0 -0.0010982696909300
615 0 -0.7422438557265700
622 0 -0.0319487744333900
627 0 -0.0310397949773700
628 0 -0.0264304958717100
631 0 0.0007748121359600
632 0 0.0011629088091100
633 0 0.0011629088091100
643 0 -0.0034895734040000
650 0 -0.0124957525921600
657 0 -0.0124957525921600
662 0 -0.8345009861371701
664 0 0.0901904761119700
665 0 -0.0901904761119700
669 0 -0.0420349390421800
671 0 0.0037871263012300
672 0 -0.0037871263012300
680 0 -0.0446703247416400
681 0 -0.0405697329574900
684 0 -0.0002881218194200
685 0 -0.0035701054530700
686 0 -0.0035701054530700
690 0 -0.0049420483446000
692 0 0.0021202376770200
693 0 -0.0021202376770200
694 0 0.0093503762587100
695 0 0.0124166250552300
697 0 -0.0150123230184900
698 0 0.0002578374288700
699 0 0.0045392466959400
700 0 -0.0002892687860500
701 0 -0.0093503762587100
702 0 -0.0124166250552300
704 0 -0.0150123230184900
705 0 -0.0002578374288700
706 0 0.0002892687860500
707 0 -0.0045392466959400
708 0 -0.7594666907271100
709 0 -0.0341671995831100
710 0 -0.0341671995831100
711 0 0.0042318832726600
712 0 0.0059939566950500
715 0 -0.0340528726912800
716 0 -0.0014045791452500
717 0 -0.0014045791452500
720 0 0.0007748121359600
728 0 -0.0002881218194200
730 0 0.0020764091374300
731 0 -0.0020764091374300
732 0 -0.0336689619994500
733 0 -0.0290526745249300
736 0 -0.0019914268052600
737 0 0.0004727857099400
738 0 0.0004727857099400
739 0 -0.0041751806428300
740 0 -0.0043621056044200
742 0 0.0002578374288700
743 0 -0.0125828137532400
744 0 -0.0019938517558700
745 0 0.0001349346396500
746 0 -0.0041751806428300
747 0 -0.0043621056044200
749 0 -0.0002578374288700
750 0 -0.0125828137532400
751 0 0.0001349346396500
752 0 -0.0019938517558700
753 0 -0.4074897193222300
754 0 0.0059524227344800
755 0 0.0044505376215600
756 0 -0.0001546544822400
758 0 0.0037871263012300
759 0 -0.0014045791452500
760 0 -0.0082435250924400
761 0 0.0004857761707600
764 0 0.0011629088091100
769 0 0.0093503762587100
770 0 0.0048009500449100
772 0 -0.0035701054530700
773 0 0.0020764091374300
774 0 -0.0068479478686700
776 0 -0.0041751806428300
777 0 -0.0016822739393400
779 0 0.0021202376770200
780 0 0.0004727857099400
781 0 -0.0002253002693100
782 0 0.0005136123799300
783 0 -0.0055947807163400
784 0 -0.0010982696909300
786 0 0.0045392466959400
787 0 -0.0019938517558700
788 0 0.0110470669924800
789 0 0.0001948278450300
790 0 -0.0012768283897900
791 0 0.0013174424246000
793 0 0.0002892687860500
794 0 0.0001349346396500
795 0 -0.0079560157000800
796 0 0.0001948278450300
797 0 -0.4074897193222300
798 0 0.0044505376215600
799 0 -0.0001546544822400
801 0 -0.0037871263012300
802 0 -0.0014045791452500
803 0 0.0004857761707600
804 0 -0.0082435250924400
807 0 0.0011629088091100
812 0 -0.0093503762587100
813 0 -0.0048009500449100
815 0 -0.0035701054530700
816 0 -0.0020764091374300
818 0 0.0068479478686700
819 0 -0.0041751806428300
820 0 -0.0016822739393400
822 0 -0.0021202376770200
823 0 0.0004727857099400
824 0 0.0005136123799300
825 0 -0.0002253002693100
826 0 -0.0012768283897900
827 0 0.0013174424246000
829 0 -0.0002892687860500
830 0 0.0001349346396500
831 0 0.0001948278450300
832 0 -0.0079560157000800
833 0 -0.0055947807163400
834 0 -0.0010982696909300
836 0 -0.0045392466959400
837 0 -0.0019938517558700
838 0 0.0001948278450300
839 0 0.0110470669924800
840 0 -0.7515246100519800
841 0 -0.0324491797569300
844 0 0.0002379014080600
845 0 -0.0120621215187500
846 0 -0.0120621215187500
849 0 -0.0264304958717100
857 0 -0.0405697329574900
859 0 0.0124166250552300
860 0 -0.0124166250552300
861 0 0.0608860035978000
862 0 0.0059939566950500
865 0 -0.0290526745249300
866 0 -0.0043621056044200
867 0 -0.0043621056044200
868 0 0.0013190112777800
869 0 -0.0001546544822400
871 0 0.0048009500449100
872 0 -0.0016822739393400
873 0 -0.0010982696909300
874 0 0.0013174424246000
875 0 0.0013190112777700
876 0 -0.0001546544822400
878 0 -0.0048009500449100
879 0 -0.0016822739393400
880 0 0.0013174424246000
881 0 -0.0010982696909300
882 0 -0.5661495775989400
885 0 0.0369906161127900
886 0 -0.0102155368626200
887 0 -0.0102155368626200
890 0 -0.2669579135614100
898 0 -0.2178493420966000
900 0 0.0175077675340400
901 0 -0.0175077675340400
902 0 0.0059939566950500
903 0 0.0369906161127900
906 0 -0.2583967443374700
907 0 -0.0085868425313900
908 0 -0.0085868425313900
909 0 -0.0001546544822400
910 0 -0.0102155368626200
912 0 0.0175077675340400
913 0 -0.0085868425313900
914 0 -0.0139852314000700
915 0 0.0010075732278400
916 0 -0.0001546544822400
917 0 -0.0102155368626200
919 0 -0.0175077675340400
920 0 -0.0085868425313900
921 0 0.0010075732278400
922 0 -0.0139852314000700
923 0 -0.5594528808122500
928 0 -0.0264304958717100
929 0 -0.2669579135614100
932 0 0.0080800777520700
933 0 -0.0064960354374500
934 0 -0.0064960354374500
944 0 0.0257494817362100
951 0 -0.0085194324851100
958 0 -0.0085194324851100
963 0 -0.5812840866039400
965 0 0.0252158447697600
966 0 -0.0252158447697600
974 0 -0.0405697329574900
975 0 -0.2178493420966000
978 0 -0.0315113780780600
979 0 -0.0413606750320700
980 0 -0.0413606750320700
984 0 -0.0140754976444400
986 0 0.0181924655396800
987 0 -0.0181924655396800
988 0 0.0048009500449100
989 0 0.0175077675340400
991 0 -0.0198698912948900
992 0 0.0075883282874800
993 0 -0.0010837748076100
994 0 0.0024937521019400
995 0 -0.0048009500449100
996 0 -0.0175077675340400
998 0 -0.0198698912948900
999 0 -0.0075883282874800
1000 0 -0.0024937521019400
1001 0 0.0010837748076100
1002 0 -0.5638025017138600
1003 0 -0.0092605194320900
1004 0 -0.0092605194320900
1007 0 0.0080800777520700
1015 0 -0.0315113780780600
1017 0 0.0180387698748600
1018 0 -0.0180387698748600
1019 0 -0.0290526745249300
1020 0 -0.2583967443374700
1023 0 0.0343723864362600
1024 0 -0.0136058594364600
1025 0 -0.0136058594364600
1026 0 -0.0016822739393400
1027 0 -0.0085868425313900
1029 0 0.0075883282874800
1030 0 -0.0107857976596000
1031 0 0.0006089437580300
1032 0 0.0009945176932800
1033 0 -0.0016822739393400
1034 0 -0.0085868425313900
1036 0 -0.0075883282874800
1037 0 -0.0107857976596000
1038 0 0.0009945176932800
1039 0 0.0006089437580300
1040 0 -0.3770010906316200
1041 0 0.0009792727038100
1044 0 -0.0064960354374500
1049 0 0.0124166250552300
1050 0 0.0175077675340400
1052 0 -0.0413606750320700
1053 0 0.0180387698748600
1054 0 -0.1598531293183300
1056 0 -0.0043621056044200
1057 0 -0.0085868425313900
1059 0 0.0181924655396800
1060 0 -0.0136058594364600
1061 0 0.0891412018501000
1062 0 -0.0007225504927600
1063 0 -0.0010982696909300
1064 0 -0.0139852314000700
1066 0 -0.0010837748076100
1067 0 0.0006089437580300
1068 0 0.0780899365391300
1069 0 -0.0008570219962800
1070 0 0.0013174424246000
1071 0 0.0010075732278400
1073 0 -0.0024937521019400
1074 0 0.0009945176932800
1075 0 -0.0190038809964200
1076 0 -0.0008570219962800
1077 0 -0.3770010906316200
1080 0 -0.0064960354374500
1085 0 -0.0124166250552300
1086 0 -0.0175077675340400
1088 0 -0.0413606750320700
1089 0 -0.0180387698748600
1091 0 0.1598531293183300
1092 0 -0.0043621056044200
1093 0 -0.0085868425313900
1095 0 -0.0181924655396800
1096 0 -0.0136058594364600
1097 0 -0.0007225504927600
1098 0 0.0891412018501000
1099 0 0.0013174424246000
1100 0 0.0010075732278400
1102 0 0.0024937521019400
1103 0 0.0009945176932800
1104 0 -0.0008570219962800
1105 0 -0.0190038809964200
1106 0 -0.0010982696909300
1107 0 -0.0139852314000700
1109 0 0.0010837748076100
1110 0 0.0006089437580300
1111 0 -0.0008570219962800
1112 0 0.0780899365391300
1113 0 -0.7422438557265700
1114 0 -0.0319487744333900
1117 0 -0.0034895734040000
1118 0 -0.0124957525921600
1119 0 -0.0124957525921600
1129 0 0.0007748121359600
1136 0 0.0011629088091100
1143 0 0.0011629088091100
1148 0 -0.5594528808122500
1151 0 0.0257494817362100
1152 0 -0.0085194324851100
1153 0 -0.0085194324851100
1163 0 0.0080800777520700
1170 0 -0.0064960354374500
1177 0 -0.0064960354374500
1182 0 -0.5871085613200000
1190 0 -0.0715729237725100
1192 0 0.0003535891749800
1193 0 -0.0003535891749800
1194 0 0.0007748121359600
1195 0 0.0080800777520700
1198 0 -0.0649938608630800
1199 0 0.0000552455620900
1200 0 0.0000552455620900
1201 0 0.0011629088091100
1202 0 -0.0064960354374500
1204 0 0.0003535891749800
1205 0 0.0000552455620900
1206 0 -0.0057558613010900
1207 0 -0.0005346564094300
1208 0 0.0011629088091100
1209 0 -0.0064960354374500
1211 0 -0.0003535891749800
1212 0 0.0000552455620900
1213 0 -0.0005346564094300
1214 0 -0.0057558613010900
1215 0 -0.5591595797586200
1217 0 0.0246187608268700
1218 0 -0.0246187608268700
1221 0 -0.0715729237725100
1235 0 0.0003535891749800
1242 0 -0.0003535891749800
1247 0 -0.5304875616278200
1248 0 -0.0089421639286700
1249 0 -0.0089421639286700
1259 0 -0.0649938608630800
1266 0 0.0000552455620900
1273 0 0.0000552455620900
1278 0 -0.3587689267217200
1279 0 0.0007224579291800
1282 0 0.0003535891749800
1289 0 0.0000552455620900
1296 0 -0.0057558613010900
1303 0 -0.0005346564094300
1308 0 -0.3587689267217200
1311 0 -0.0003535891749800
1318 0 0.0000552455620900
1325 0 -0.0005346564094300
1332 0 -0.0057558613010900
1337 0 -0.8345009861371701
1338 0 -0.0420349390421800
1341 0 -0.0049420483446000
1342 0 -0.0150123230184900
1343 0 -0.0150123230184900
1347 0 -0.0002881218194200
1349 0 0.0002578374288700
1350 0 -0.0002578374288700
1351 0 0.0901904761119700
1352 0 0.0037871263012300
1354 0 -0.0035701054530700
1355 0 0.0021202376770200
1356 0 0.0045392466959400
1357 0 0.0002892687860500
1358 0 -0.0901904761119700
1359 0 -0.0037871263012300
1361 0 -0.0035701054530700
1362 0 -0.0021202376770200
1363 0 -0.0002892687860500
1364 0 -0.0045392466959400
1365 0 -0.5812840866039400
1368 0 -0.0140754976444400
1369 0 -0.0198698912948900
1370 0 -0.0198698912948900
1374 0 -0.0315113780780600
1376 0 0.0075883282874800
1377 0 -0.0075883282874800
1378 0 0.0037871263012300
1379 0 0.0252158447697600
1381 0 -0.0413606750320700
1382 0 0.0181924655396800
1383 0 -0.0010837748076100
1384 0 -0.0024937521019400
1385 0 -0.0037871263012300
1386 0 -0.0252158447697600
1388 0 -0.0413606750320700
1389 0 -0.0181924655396800
1390 0 0.0024937521019400
1391 0 0.0010837748076100
1392 0 -0.5591595797586200
1406 0 0.0246187608268700
1413 0 -0.0246187608268700
1418 0 -0.6663397278738999
1420 0 0.0319597398656900
1421 0 -0.0319597398656900
1422 0 -0.0002881218194200
1423 0 -0.0315113780780600
1426 0 -0.0694274390264400
1427 0 -0.0053417580657400
1428 0 -0.0053417580657400
1429 0 -0.0035701054530700
1430 0 -0.0413606750320700
1432 0 0.0319597398656900
1433 0 -0.0053417580657400
1434 0 -0.0225811136881400
1435 0 -0.0047020998519300
1436 0 -0.0035701054530700
1437 0 -0.0413606750320700
1439 0 -0.0319597398656900
1440 0 -0.0053417580657400
1441 0 -0.0047020998519300
1442 0 -0.0225811136881400
1443 0 -0.5635533985574700
1444 0 -0.0135673737398700
1445 0 -0.0135673737398800
1449 0 -0.0694274390264400
1451 0 0.0019488062864900
1452 0 -0.0019488062864900
1453 0 0.0021202376770200
1454 0 0.0181924655396800
1456 0 -0.0053417580657400
1457 0 0.0255804979996300
1458 0 0.0070095491205600
1459 0 -0.0009531548746500
1460 0 -0.0021202376770200
1461 0 -0.0181924655396800
1463 0 -0.0053417580657400
1464 0 -0.0255804979996300
1465 0 0.0009531548746500
1466 0 -0.0070095491205600
1467 0 -0.4016539765193900
1468 0 -0.0010519238333400
1469 0 0.0002578374288700
1470 0 0.0075883282874800
1472 0 -0.0053417580657400
1473 0 0.0019488062864900
1474 0 0.0109874557763900
1476 0 0.0045392466959400
1477 0 -0.0010837748076100
1479 0 -0.0225811136881400
1480 0 0.0070095491205600
1481 0 -0.0477874002187100
1482 0 -0.0012288867819100
1483 0 -0.0002892687860500
1484 0 0.0024937521019400
1486 0 -0.0047020998519300
1487 0 0.0009531548746500
1488 0 -0.0362478321870200
1489 0 0.0012288867819100
1490 0 -0.4016539765193900
1491 0 -0.0002578374288700
1492 0 -0.0075883282874800
1494 0 -0.0053417580657400
1495 0 -0.0019488062864900
1497 0 -0.0109874557763900
1498 0 0.0002892687860500
1499 0 -0.0024937521019400
1501 0 -0.0047020998519300
1502 0 -0.0009531548746500
1503 0 -0.0012288867819100
1504 0 0.0362478321870200
1505 0 -0.0045392466959400
1506 0 0.0010837748076100
1508 0 -0.0225811136881400
1509 0 -0.0070095491205600
1510 0 0.0012288867819100
1511 0 0.0477874002187100
1512 0 -0.7594666907271100
1513 0 -0.0340528726912900
1516 0 -0.0019914268052600
1517 0 -0.0125828137532400
1518 0 -0.0125828137532400
1519 0 -0.0341671995831100
1520 0 -0.0014045791452500
1522 0 0.0020764091374300
1523 0 0.0004727857099400
1524 0 -0.0019938517558700
1525 0 0.0001349346396500
1526 0 -0.0341671995831100
1527 0 -0.0014045791452500
1529 0 -0.0020764091374300
1530 0 0.0004727857099400
1531 0 0.0001349346396500
1532 0 -0.0019938517558700
1533 0 -0.5638025017138600
1536 0 0.0343723864362600
1537 0 -0.0107857976596000
1538 0 -0.0107857976596000
1539 0 -0.0014045791452500
1540 0 -0.0092605194320900
1542 0 0.0180387698748600
1543 0 -0.0136058594364600
1544 0 0.0006089437580300
1545 0 0.0009945176932800
1546 0 -0.0014045791452500
1547 0 -0.0092605194320900
1549 0 -0.0180387698748600
1550 0 -0.0136058594364600
1551 0 0.0009945176932800
1552 0 0.0006089437580300
1553 0 -0.5304875616278200
1560 0 -0.0089421639286700
1567 0 -0.0089421639286700
1572 0 -0.5635533985574700
1574 0 0.0255804979996300
1575 0 -0.0255804979996300
1576 0 0.0020764091374300
1577 0 0.0180387698748600
1579 0 -0.0135673737398700
1580 0 0.0019488062864900
1581 0 0.0070095491205600
1582 0 0.0009531548746500
1583 0 -0.0020764091374300
1584 0 -0.0180387698748600
1586 0 -0.0135673737398800
1587 0 -0.0019488062864900
1588 0 -0.0009531548746500
1589 0 -0.0070095491205600
1590 0 -0.6032035959996900
1591 0 -0.0089263419717300
1592 0 -0.0089263419717300
1593 0 0.0004727857099400
1594 0 -0.0136058594364600
1596 0 0.0019488062864900
1597 0 -0.0089263419717300
1598 0 -0.0093381008801100
1599 0 0.0003391485149900
1600 0 0.0004727857099400
1601 0 -0.0136058594364600
1603 0 -0.0019488062864900
1604 0 -0.0089263419717300
1605 0 0.0003391485149900
1606 0 -0.0093381008801100
1607 0 -0.3686177227908100
1608 0 0.0023505902821700
1609 0 -0.0019938517558700
1610 0 0.0006089437580300
1612 0 0.0070095491205600
1613 0 -0.0093381008801100
1614 0 0.0255965053309100
1615 0 -0.0005473810932100
1616 0 0.0001349346396500
1617 0 0.0009945176932800
1619 0 -0.0009531548746500
1620 0 0.0003391485149900
1621 0 -0.0108497060567000
1622 0 -0.0005473810932100
1623 0 -0.3686177227908100
1624 0 0.0001349346396500
1625 0 0.0009945176932800
1627 0 0.0009531548746500
1628 0 0.0003391485149900
1629 0 -0.0005473810932100
1630 0 -0.0108497060567000
1631 0 -0.0019938517558700
1632 0 0.0006089437580300
1634 0 -0.0070095491205600
1635 0 -0.0093381008801100
1636 0 -0.0005473810932100
1637 0 0.0255965053309100
1638 0 -0.4074897193222300
1639 0 -0.0082435250924400
1641 0 -0.0068479478686700
1642 0 -0.0002253002693100
1643 0 0.0110470669924800
1644 0 -0.0079560157000800
1645 0 0.0059524227344800
1646 0 0.0004857761707600
1649 0 0.0005136123799300
1650 0 0.0001948278450300
1651 0 0.0001948278450300
1652 0 -0.3770010906316200
1654 0 -0.1598531293183300
1655 0 0.0891412018501000
1656 0 0.0780899365391300
1657 0 -0.0190038809964200
1658 0 0.0004857761707600
1659 0 0.0009792727038100
1662 0 -0.0007225504927600
1663 0 -0.0008570219962800
1664 0 -0.0008570219962800
1665 0 -0.3587689267217200
1672 0 0.0007224579291800
1677 0 -0.4016539765193900
1678 0 0.0109874557763900
1679 0 -0.0477874002187100
1680 0 -0.0362478321870200
1684 0 -0.0010519238333400
1686 0 -0.0012288867819100
1687 0 0.0012288867819100
1688 0 -0.3686177227908100
1689 0 0.0255965053309100
1690 0 -0.0108497060567000
1691 0 0.0005136123799300
1692 0 -0.0007225504927600
1695 0 0.0023505902821700
1696 0 -0.0005473810932100
1697 0 -0.0005473810932100
1698 0 -0.8752200328913000
1699 0 0.0029893581356000
1700 0 0.0001948278450300
1701 0 -0.0008570219962800
1703 0 -0.0012288867819100
1704 0 -0.0005473810932100
1705 0 0.0029893581356000
1706 0 -0.0005510003701400
1707 0 -0.2264315245720500
1708 0 0.0001948278450300
1709 0 -0.0008570219962800
1711 0 0.0012288867819100
1712 0 -0.0005473810932100
1713 0 -0.0005510003701400
1714 0 0.0029893581356000
1715 0 -0.4074897193222300
1716 0 -0.0082435250924400
1718 0 0.0068479478686700
1719 0 -0.0002253002693100
1720 0 -0.0079560157000800
1721 0 0.0110470669924800
1722 0 -0.3770010906316200
1724 0 0.1598531293183300
1725 0 0.0891412018501000
1726 0 -0.0190038809964200
1727 0 0.0780899365391300
1728 0 -0.3587689267217200
1733 0 -0.4016539765193900
1734 0 -0.0109874557763900
1735 0 0.0362478321870200
1736 0 0.0477874002187100
1737 0 -0.3686177227908100
1738 0 -0.0108497060567000
1739 0 0.0255965053309100
1740 0 -0.2264315245720500
1741 0 0.0029893581356000
1742 0 -0.8752200328913000
