56 0 1.0000000000000000
58 0 1.0000000000000000
61 0 1.0000000000000000
65 0 1.0000000000000000
70 0 1.0000000000000000
76 0 1.0000000000000000
83 0 1.0000000000000000
84 0 1.0000000000000000
86 0 1.0000000000000000
89 0 1.0000000000000000
93 0 1.0000000000000000
98 0 1.0000000000000000
104 0 1.0000000000000000
111 0 1.0000000000000000
1799 0 1.0000000000000000
1801 0 1.0000000000000000
1804 0 1.0000000000000000
1808 0 1.0000000000000000
1813 0 1.0000000000000000
1819 0 1.0000000000000000
1826 0 1.0000000000000000
1834 0 1.0000000000000000
1843 0 1.0000000000000000
1853 0 1.0000000000000000
1864 0 1.0000000000000000
1876 0 1.0000000000000000
1889 0 1.0000000000000000
1903 0 1.0000000000000000
1918 0 1.0000000000000000
1934 0 1.0000000000000000
1951 0 1.0000000000000000
1969 0 1.0000000000000000
1988 0 1.0000000000000000
2008 0 1.0000000000000000
2029 0 1.0000000000000000
2030 0 1.0000000000000000
2032 0 1.0000000000000000
2035 0 1.0000000000000000
2039 0 1.0000000000000000
2044 0 1.0000000000000000
2050 0 1.0000000000000000
2057 0 1.0000000000000000
2065 0 1.0000000000000000
2074 0 1.0000000000000000
2084 0 1.0000000000000000
2095 0 1.0000000000000000
2107 0 1.0000000000000000
2120 0 1.0000000000000000
2134 0 1.0000000000000000
2149 0 1.0000000000000000
2165 0 1.0000000000000000
2182 0 1.0000000000000000
2200 0 1.0000000000000000
2219 0 1.0000000000000000
2239 0 1.0000000000000000
2260 0 1.0000000000000000
2261 0 1.0000000000000000
2263 0 1.0000000000000000
2266 0 1.0000000000000000
2270 0 1.0000000000000000
2275 0 1.0000000000000000
2281 0 1.0000000000000000
2288 0 1.0000000000000000
2296 0 1.0000000000000000
2305 0 1.0000000000000000
2315 0 1.0000000000000000
2326 0 1.0000000000000000
2338 0 1.0000000000000000
2351 0 1.0000000000000000
2365 0 1.0000000000000000
2380 0 1.0000000000000000
2396 0 1.0000000000000000
2413 0 1.0000000000000000
2431 0 1.0000000000000000
2450 0 1.0000000000000000
2470 0 1.0000000000000000
2491 0 1.0000000000000000
2513 0 1.0000000000000000
2536 0 1.0000000000000000
2560 0 1.0000000000000000
2585 0 1.0000000000000000
2611 0 1.0000000000000000
2638 0 1.0000000000000000
2666 0 1.0000000000000000
2695 0 1.0000000000000000
2725 0 1.0000000000000000
2756 0 1.0000000000000000
2788 0 1.0000000000000000
2821 0 1.0000000000000000
2855 0 1.0000000000000000
2890 0 1.0000000000000000
2926 0 1.0000000000000000
2963 0 1.0000000000000000
3001 0 1.0000000000000000
3040 0 1.0000000000000000
3080 0 1.0000000000000000
3121 0 1.0000000000000000
3163 0 1.0000000000000000
3206 0 1.0000000000000000
3250 0 1.0000000000000000
3295 0 1.0000000000000000
3341 0 1.0000000000000000
3388 0 1.0000000000000000
3436 0 1.0000000000000000
3485 0 1.0000000000000000
10787 0 1.0000000000000000
10789 0 1.0000000000000000
10792 0 1.0000000000000000
10796 0 1.0000000000000000
10801 0 1.0000000000000000
10807 0 1.0000000000000000
10814 0 1.0000000000000000
10822 0 1.0000000000000000
10831 0 1.0000000000000000
10841 0 1.0000000000000000
10852 0 1.0000000000000000
10864 0 1.0000000000000000
10877 0 1.0000000000000000
10891 0 1.0000000000000000
10906 0 1.0000000000000000
10922 0 1.0000000000000000
10939 0 1.0000000000000000
10957 0 1.0000000000000000
10976 0 1.0000000000000000
10996 0 1.0000000000000000
11017 0 1.0000000000000000
11039 0 1.0000000000000000
11062 0 1.0000000000000000
11086 0 1.0000000000000000
11111 0 1.0000000000000000
11137 0 1.0000000000000000
11164 0 1.0000000000000000
11192 0 1.0000000000000000
11221 0 1.0000000000000000
11251 0 1.0000000000000000
11282 0 1.0000000000000000
11314 0 1.0000000000000000
11347 0 1.0000000000000000
11381 0 1.0000000000000000
11416 0 1.0000000000000000
11417 0 1.0000000000000000
11419 0 1.0000000000000000
11422 0 1.0000000000000000
11426 0 1.0000000000000000
11431 0 1.0000000000000000
11437 0 1.0000000000000000
11444 0 1.0000000000000000
11452 0 1.0000000000000000
11461 0 1.0000000000000000
11471 0 1.0000000000000000
11482 0 1.0000000000000000
11494 0 1.0000000000000000
11507 0 1.0000000000000000
11521 0 1.0000000000000000
11536 0 1.0000000000000000
11552 0 1.0000000000000000
11569 0 1.0000000000000000
11587 0 1.0000000000000000
11606 0 1.0000000000000000
11626 0 1.0000000000000000
11647 0 1.0000000000000000
11669 0 1.0000000000000000
11692 0 1.0000000000000000
11716 0 1.0000000000000000
11741 0 1.0000000000000000
11767 0 1.0000000000000000
11794 0 1.0000000000000000
11822 0 1.0000000000000000
11851 0 1.0000000000000000
11881 0 1.0000000000000000
11912 0 1.0000000000000000
11944 0 1.0000000000000000
11977 0 1.0000000000000000
12011 0 1.0000000000000000
12046 0 1.0000000000000000
12082 0 1.0000000000000000
12119 0 1.0000000000000000
12157 0 1.0000000000000000
12196 0 1.0000000000000000
12236 0 1.0000000000000000
12277 0 1.0000000000000000
12319 0 1.0000000000000000
12362 0 1.0000000000000000
12406 0 1.0000000000000000
12451 0 1.0000000000000000
12497 0 1.0000000000000000
12544 0 1.0000000000000000
12592 0 1.0000000000000000
12641 0 1.0000000000000000
12691 0 1.0000000000000000
12742 0 1.0000000000000000
12794 0 1.0000000000000000
12847 0 1.0000000000000000
12901 0 1.0000000000000000
12956 0 1.0000000000000000
13012 0 1.0000000000000000
13069 0 1.0000000000000000
13127 0 1.0000000000000000
13186 0 1.0000000000000000
13246 0 1.0000000000000000
13307 0 1.0000000000000000
13369 0 1.0000000000000000
13432 0 1.0000000000000000
13496 0 1.0000000000000000
13561 0 1.0000000000000000
13627 0 1.0000000000000000
13694 0 1.0000000000000000
13762 0 1.0000000000000000
13831 0 1.0000000000000000
13901 0 1.0000000000000000
13972 0 1.0000000000000000
14044 0 1.0000000000000000
14117 0 1.0000000000000000
14191 0 1.0000000000000000
14266 0 1.0000000000000000
14342 0 1.0000000000000000
14419 0 1.0000000000000000
14497 0 1.0000000000000000
14576 0 1.0000000000000000
14656 0 1.0000000000000000
14737 0 1.0000000000000000
14819 0 1.0000000000000000
14902 0 1.0000000000000000
14986 0 1.0000000000000000
15071 0 1.0000000000000000
15157 0 1.0000000000000000
15244 0 1.0000000000000000
15332 0 1.0000000000000000
15421 0 1.0000000000000000
15511 0 1.0000000000000000
15602 0 1.0000000000000000
15694 0 1.0000000000000000
15787 0 1.0000000000000000
15881 0 1.0000000000000000
15976 0 1.0000000000000000
16072 0 1.0000000000000000
16169 0 1.0000000000000000
16267 0 1.0000000000000000
16366 0 1.0000000000000000
16466 0 1.0000000000000000
16567 0 1.0000000000000000
16669 0 1.0000000000000000
16772 0 1.0000000000000000
16876 0 1.0000000000000000
16981 0 1.0000000000000000
17087 0 1.0000000000000000
17194 0 1.0000000000000000
17302 0 1.0000000000000000
17411 0 1.0000000000000000
17521 0 1.0000000000000000
17632 0 1.0000000000000000
17744 0 1.0000000000000000
17857 0 1.0000000000000000
17971 0 1.0000000000000000
18086 0 1.0000000000000000
18202 0 1.0000000000000000
18319 0 1.0000000000000000
18437 0 1.0000000000000000
18556 0 1.0000000000000000
18676 0 1.0000000000000000
18797 0 1.0000000000000000
18919 0 1.0000000000000000
19042 0 1.0000000000000000
19166 0 1.0000000000000000
19291 0 1.0000000000000000
19417 0 1.0000000000000000
19544 0 1.0000000000000000
19672 0 1.0000000000000000
19801 0 1.0000000000000000
19931 0 1.0000000000000000
20062 0 1.0000000000000000
20194 0 1.0000000000000000
20327 0 1.0000000000000000
20461 0 1.0000000000000000
20596 0 1.0000000000000000
20732 0 1.0000000000000000
20869 0 1.0000000000000000
21007 0 1.0000000000000000
21146 0 1.0000000000000000
21286 0 1.0000000000000000
21427 0 1.0000000000000000
21569 0 1.0000000000000000
21712 0 1.0000000000000000
21856 0 1.0000000000000000
22001 0 1.0000000000000000
22147 0 1.0000000000000000
22294 0 1.0000000000000000
22295 0 1.0000000000000000
22297 0 1.0000000000000000
22300 0 1.0000000000000000
22304 0 1.0000000000000000
22309 0 1.0000000000000000
22315 0 1.0000000000000000
22322 0 1.0000000000000000
22330 0 1.0000000000000000
22339 0 1.0000000000000000
22349 0 1.0000000000000000
22360 0 1.0000000000000000
22372 0 1.0000000000000000
22385 0 1.0000000000000000
22399 0 1.0000000000000000
22414 0 1.0000000000000000
22430 0 1.0000000000000000
22447 0 1.0000000000000000
22465 0 1.0000000000000000
22484 0 1.0000000000000000
22504 0 1.0000000000000000
22525 0 1.0000000000000000
22547 0 1.0000000000000000
22570 0 1.0000000000000000
22594 0 1.0000000000000000
22619 0 1.0000000000000000
22645 0 1.0000000000000000
22672 0 1.0000000000000000
22700 0 1.0000000000000000
22729 0 1.0000000000000000
22759 0 1.0000000000000000
22790 0 1.0000000000000000
22822 0 1.0000000000000000
22855 0 1.0000000000000000
22889 0 1.0000000000000000
22924 0 1.0000000000000000
22960 0 1.0000000000000000
22997 0 1.0000000000000000
23035 0 1.0000000000000000
23074 0 1.0000000000000000
23114 0 1.0000000000000000
23155 0 1.0000000000000000
23197 0 1.0000000000000000
23240 0 1.0000000000000000
23284 0 1.0000000000000000
23329 0 1.0000000000000000
23375 0 1.0000000000000000
23422 0 1.0000000000000000
23470 0 1.0000000000000000
23519 0 1.0000000000000000
23569 0 1.0000000000000000
23620 0 1.0000000000000000
23672 0 1.0000000000000000
23725 0 1.0000000000000000
23779 0 1.0000000000000000
23834 0 1.0000000000000000
23890 0 1.0000000000000000
23947 0 1.0000000000000000
24005 0 1.0000000000000000
24064 0 1.0000000000000000
24124 0 1.0000000000000000
24185 0 1.0000000000000000
24247 0 1.0000000000000000
24310 0 1.0000000000000000
24374 0 1.0000000000000000
24439 0 1.0000000000000000
24505 0 1.0000000000000000
24572 0 1.0000000000000000
24640 0 1.0000000000000000
24709 0 1.0000000000000000
24779 0 1.0000000000000000
24850 0 1.0000000000000000
24922 0 1.0000000000000000
24995 0 1.0000000000000000
25069 0 1.0000000000000000
25144 0 1.0000000000000000
25220 0 1.0000000000000000
25297 0 1.0000000000000000
25375 0 1.0000000000000000
25454 0 1.0000000000000000
25534 0 1.0000000000000000
25615 0 1.0000000000000000
25697 0 1.0000000000000000
25780 0 1.0000000000000000
25864 0 1.0000000000000000
25949 0 1.0000000000000000
26035 0 1.0000000000000000
26122 0 1.0000000000000000
26210 0 1.0000000000000000
26299 0 1.0000000000000000
26389 0 1.0000000000000000
26480 0 1.0000000000000000
26572 0 1.0000000000000000
26665 0 1.0000000000000000
26759 0 1.0000000000000000
26854 0 1.0000000000000000
26950 0 1.0000000000000000
27047 0 1.0000000000000000
27145 0 1.0000000000000000
27244 0 1.0000000000000000
27344 0 1.0000000000000000
27445 0 1.0000000000000000
27547 0 1.0000000000000000
27650 0 1.0000000000000000
27754 0 1.0000000000000000
27859 0 1.0000000000000000
27965 0 1.0000000000000000
28072 0 1.0000000000000000
28180 0 1.0000000000000000
28289 0 1.0000000000000000
28399 0 1.0000000000000000
28510 0 1.0000000000000000
28622 0 1.0000000000000000
28735 0 1.0000000000000000
28849 0 1.0000000000000000
28964 0 1.0000000000000000
29080 0 1.0000000000000000
29197 0 1.0000000000000000
29315 0 1.0000000000000000
29434 0 1.0000000000000000
29554 0 1.0000000000000000
29675 0 1.0000000000000000
29797 0 1.0000000000000000
29920 0 1.0000000000000000
30044 0 1.0000000000000000
30169 0 1.0000000000000000
30295 0 1.0000000000000000
30422 0 1.0000000000000000
30550 0 1.0000000000000000
30679 0 1.0000000000000000
30809 0 1.0000000000000000
30940 0 1.0000000000000000
31072 0 1.0000000000000000
31205 0 1.0000000000000000
31339 0 1.0000000000000000
31474 0 1.0000000000000000
31610 0 1.0000000000000000
31747 0 1.0000000000000000
31885 0 1.0000000000000000
32024 0 1.0000000000000000
32164 0 1.0000000000000000
32305 0 1.0000000000000000
32447 0 1.0000000000000000
32590 0 1.0000000000000000
32734 0 1.0000000000000000
32879 0 1.0000000000000000
33025 0 1.0000000000000000
33172 0 1.0000000000000000
33173 0 1.0000000000000000
33175 0 1.0000000000000000
33178 0 1.0000000000000000
33182 0 1.0000000000000000
33187 0 1.0000000000000000
33193 0 1.0000000000000000
33200 0 1.0000000000000000
33208 0 1.0000000000000000
33217 0 1.0000000000000000
33227 0 1.0000000000000000
33238 0 1.0000000000000000
33250 0 1.0000000000000000
33263 0 1.0000000000000000
33277 0 1.0000000000000000
33292 0 1.0000000000000000
33308 0 1.0000000000000000
33325 0 1.0000000000000000
33343 0 1.0000000000000000
33362 0 1.0000000000000000
33382 0 1.0000000000000000
33403 0 1.0000000000000000
33425 0 1.0000000000000000
33448 0 1.0000000000000000
33472 0 1.0000000000000000
33497 0 1.0000000000000000
33523 0 1.0000000000000000
33550 0 1.0000000000000000
33578 0 1.0000000000000000
33607 0 1.0000000000000000
33637 0 1.0000000000000000
33668 0 1.0000000000000000
33700 0 1.0000000000000000
33733 0 1.0000000000000000
33767 0 1.0000000000000000
33802 0 1.0000000000000000
296149 0 -6.9999998999999997
296151 0 7.0000001000000003
296154 0 0.0000001000000000
296158 0 0.0000001000000000
296163 0 0.0000001000000000
296169 0 0.0000001000000000
296176 0 0.0000001000000000
296184 0 0.0000001000000000
296193 0 0.0000001000000000
296203 0 0.0000001000000000
296214 0 0.0000001000000000
296226 0 0.0000001000000000
296239 0 0.0000001000000000
296253 0 0.0000001000000000
296268 0 0.0000001000000000
296284 0 0.0000001000000000
296301 0 0.0000001000000000
296319 0 0.0000001000000000
296338 0 0.0000001000000000
296358 0 0.0000001000000000
296379 0 0.0000001000000000
296401 0 0.0000001000000000
296424 0 0.0000001000000000
296448 0 0.0000001000000000
296473 0 0.0000001000000000
296499 0 0.0000001000000000
296526 0 0.0000001000000000
296554 0 0.0000001000000000
296583 0 0.0000001000000000
296613 0 0.0000001000000000
296644 0 0.0000001000000000
296676 0 0.0000001000000000
296709 0 0.0000001000000000
296743 0 0.0000001000000000
296778 0 0.0000001000000000
296814 0 0.0000001000000000
296851 0 0.0000001000000000
296889 0 0.0000001000000000
296928 0 0.0000001000000000
296968 0 0.0000001000000000
297009 0 0.0000001000000000
297051 0 0.0000001000000000
297094 0 0.0000001000000000
297138 0 0.0000001000000000
297183 0 0.0000001000000000
297229 0 0.0000001000000000
297276 0 0.0000001000000000
297324 0 0.0000001000000000
297373 0 0.0000001000000000
297423 0 0.0000001000000000
297474 0 0.0000001000000000
297526 0 0.0000001000000000
297579 0 0.0000001000000000
297633 0 0.0000001000000000
297688 0 0.0000001000000000
297744 0 0.0000001000000000
297801 0 0.0000001000000000
297859 0 0.0000001000000000
297918 0 0.0000001000000000
297978 0 0.0000001000000000
298039 0 0.0000001000000000
298101 0 0.0000001000000000
298164 0 0.0000001000000000
298228 0 0.0000001000000000
298293 0 0.0000001000000000
298359 0 0.0000001000000000
298426 0 0.0000001000000000
298494 0 0.0000001000000000
298563 0 0.0000001000000000
298633 0 0.0000001000000000
298704 0 0.0000001000000000
298776 0 0.0000001000000000
298849 0 0.0000001000000000
298923 0 0.0000001000000000
298998 0 0.0000001000000000
299074 0 0.0000001000000000
299151 0 0.0000001000000000
299229 0 0.0000001000000000
299308 0 0.0000001000000000
299388 0 0.0000001000000000
299469 0 0.0000001000000000
299551 0 0.0000001000000000
299634 0 0.0000001000000000
299718 0 0.0000001000000000
299803 0 0.0000001000000000
299889 0 0.0000001000000000
299976 0 0.0000001000000000
300064 0 0.0000001000000000
300153 0 0.0000001000000000
300243 0 0.0000001000000000
300334 0 0.0000001000000000
300426 0 0.0000001000000000
300519 0 0.0000001000000000
300613 0 0.0000001000000000
300708 0 0.0000001000000000
300804 0 0.0000001000000000
300901 0 0.0000001000000000
300999 0 0.0000001000000000
301098 0 0.0000001000000000
301198 0 0.0000001000000000
301299 0 0.0000001000000000
301401 0 0.0000001000000000
301504 0 0.0000001000000000
301608 0 0.0000001000000000
301713 0 0.0000001000000000
301819 0 0.0000001000000000
301926 0 0.0000001000000000
302034 0 0.0000001000000000
302143 0 0.0000001000000000
302253 0 0.0000001000000000
302364 0 0.0000001000000000
302476 0 0.0000001000000000
302589 0 0.0000001000000000
302703 0 0.0000001000000000
302818 0 -3.9999999000000002
302934 0 4.0000001000000003
303051 0 -5.9999998999999997
303169 0 6.0000001000000003
303288 0 18.0000001000000012
303408 0 -17.9999998999999988
303529 0 -20.9999998999999988
303651 0 21.0000001000000012
