0 0 0.4750000000000000
300 0 0.0176776695296637
465 0 0.0176776695296637
1335 0 0.0176776695296637
1500 0 0.0176776695296637
2370 0 0.0176776695296637
2535 0 0.0176776695296637
3405 0 0.0176776695296637
3570 0 0.0176776695296637
4440 0 0.0176776695296637
4605 0 0.0176776695296637
5475 0 0.0176776695296637
5640 0 0.0176776695296637
6510 0 0.0176776695296637
6675 0 0.0176776695296637
7545 0 0.0176776695296637
7710 0 0.0176776695296637
8580 0 0.0176776695296637
8745 0 0.0176776695296637
9615 0 0.0176776695296637
9780 0 0.0176776695296637
10351 0 -0.0353553390593274
10386 0 0.0176776695296637
10470 0 0.0176776695296637
10581 0 0.0176776695296637
10701 0 0.0176776695296637
11017 0 -0.0353553390593274
11052 0 0.0176776695296637
11136 0 0.0176776695296637
11247 0 0.0176776695296637
11367 0 0.0176776695296637
11481 0 0.0176776695296637
11683 0 -0.0353553390593274
11718 0 0.0176776695296637
11802 0 0.0176776695296637
11913 0 0.0176776695296637
12033 0 0.0176776695296637
12349 0 -0.0353553390593274
12384 0 0.0176776695296637
12468 0 0.0176776695296637
12579 0 0.0176776695296637
12699 0 0.0176776695296637
13245 0 0.0176776695296637
13681 0 -0.0353553390593274
13716 0 0.0176776695296637
13800 0 0.0176776695296637
14347 0 -0.0353553390593274
14382 0 0.0176776695296637
14466 0 0.0176776695296637
14577 0 0.0176776695296637
14697 0 0.0176776695296637
14811 0 0.0176776695296637
15013 0 -0.0353553390593274
15048 0 0.0176776695296637
15132 0 0.0176776695296637
15243 0 0.0176776695296637
15363 0 0.0176776695296637
15679 0 -0.0353553390593274
15714 0 0.0176776695296637
15798 0 0.0176776695296637
18807 0 0.0176776695296637
18903 0 0.0176776695296637
20571 0 0.0176776695296637
21675 0 -0.0353553390593274
21792 0 0.0176776695296637
22023 0 0.0176776695296637
33403 0 -0.3535533905932738
33491 0 0.1767766952966369
33653 0 0.1767766952966369
34059 0 0.1767766952966369
37713 0 0.1767766952966369
