1 0 4.2699280961214470
2 0 8.7732106313117839
3 0 1.9854413905307950
4 0 2.2308558968924359
5 0 17.2553026613447713
6 0 12.0467969120748819
7 0 4.0389199072106265
8 0 8.4550117968359899
9 0 4.6000789369561943
10 0 6.1594779577481376
11 0 0.0436146585210508
12 0 0.0468597221816651
13 0 2.6873614715195515
14 0 1.0468144693844579
15 0 0.1263615340494084
16 0 2.0547809692501176
17 0 1.1214348847602480
18 0 2.9110336307550142
19 0 1.4856922751224033
20 0 4.4897630973059677
21 0 0.2828170177057245
22 0 1.6954014563965529
23 0 2.4586296230272069
24 0 0.1227829191842602
25 0 1.6256044133755267
26 0 1.2425634114867421
27 0 0.5239972030976219
28 0 4.9417427685476696
29 0 1.0557002671089890
30 0 3.3508407451043354
31 0 2.8502689618031241
32 0 1.2271315833955825
33 0 2.9196846109895276
34 0 0.7164707956578056
35 0 7.0650913827452513
36 0 0.1060663226340708
37 0 1.6741838116854524
38 0 7.5393811228339800
39 0 2.0925918180312522
40 0 2.1649199477506116
41 0 1.0033336066209415
42 0 1.5776132123846764
43 0 2.8907068053842693
44 0 0.5587568963425156
45 0 2.3060710059075262
46 0 3.0279028216349815
47 0 0.5631593496436977
48 0 0.2461603290749679
49 0 0.6090771305369458
50 0 1.1888384534368015
51 0 5.0223659507812499
52 0 5.6389461135648560
53 0 4.7646991860479488
54 0 0.8450298220418517
55 0 1.2336559407877132
56 0 3.5347063214587706
57 0 1.8434069351195603
58 0 0.8345801852061641
59 0 2.2761776546281283
60 0 2.4482182730123441
61 0 0.3484998651828732
62 0 3.8479918082013853
63 0 0.5681629797510936
64 0 0.8304783226576262
65 0 6.4848431117000871
66 0 0.7772978947009506
67 0 2.0195796506379224
68 0 4.4781534169353847
69 0 2.1819106079547055
70 0 2.3966004739258437
71 0 8.9600239783787288
72 0 4.4279089175576587
73 0 1.6702046382860090
74 0 1.7980265899035999
75 0 7.5456119039463942
76 0 13.2255476707260868
77 0 2.7491257752225806
78 0 11.4584435362388604
79 0 3.3294751069117865
80 0 4.8262336339981857
81 0 8.5929707170581082
82 0 6.7697150560356363
83 0 8.3255767658079094
84 0 1.8812126789050581
85 0 4.3446848017361503
86 0 3.6224877315110575
87 0 2.4336339564410991
88 0 12.9234223672055464
89 0 3.5070569737756614
90 0 3.9842214808127778
91 0 0.5728368951727703
92 0 0.5743592544996261
93 0 0.7159564621186689
94 0 0.2175634062307381
95 0 1.6075199594634455
96 0 2.4985112268609271
97 0 0.4121712771581088
98 0 0.4250775834773606
99 0 1.4907015918734601
100 0 1.5483326332139313
101 0 0.8347941555551870
102 0 3.1664139452644235
103 0 4.5179627381978662
104 0 1.3011828988377658
105 0 2.0335046161249863
106 0 3.2095900591739053
107 0 3.4658763035382378
108 0 0.1359922148275530
109 0 3.5501680795446191
110 0 4.4167066459805824
111 0 1.0040486881036941
112 0 2.0033799413190536
113 0 1.8848157395536873
114 0 0.0825027871640032
115 0 5.8184497241977056
116 0 5.4671259806862622
117 0 1.1500196982721036
118 0 0.0975132369270568
119 0 2.1046733867447074
120 0 2.1586521134823329
121 0 1.2359476414291066
122 0 3.5886542933901637
123 0 3.1861879528314603
124 0 0.7945808682096072
125 0 1.0612553183952400
126 0 0.5132579170193594
127 0 2.3842107564450998
128 0 0.2977116852281370
129 0 3.4318998638955236
130 0 3.9983948124083213
131 0 0.1323256645016784
132 0 0.3230695245659092
133 0 3.1264474362722865
134 0 0.4642910824202886
135 0 0.6130167868676608
136 0 4.3153785810048078
137 0 0.9345686432268394
138 0 3.8603716923788909
139 0 1.1077753151147931
140 0 1.2410886165335171
141 0 0.2147982145579590
142 0 0.4143959380668321
143 0 1.5897772829669634
144 0 0.0296931047325302
145 0 0.4282813776628700
146 0 1.8833691739181972
147 0 0.0907464548479879
148 0 3.5659323701779044
149 0 0.3155836546956721
150 0 1.7651780925968410
151 0 1.1015832890356876
152 0 4.0600675485062823
153 0 5.6630444788661123
154 0 0.3472542700190218
155 0 1.9037399756560092
156 0 0.4566225597288565
157 0 1.6202831205793871
158 0 0.3589228866163126
159 0 4.1502063532136901
160 0 3.3280069917485662
161 0 0.9627427836434208
162 0 1.6883342730695858
163 0 1.5669063691135534
164 0 2.8490394590936035
165 0 5.7930231038084798
166 0 6.5838772161110910
167 0 3.6971701608931085
168 0 0.5841231679315797
169 0 6.3681211721034288
170 0 18.2749007348530768
171 0 2.9033023144282879
172 0 12.8989818272517596
173 0 6.4468675998128901
174 0 7.1851290793101157
175 0 0.8775451195502342
176 0 1.2861240817456974
177 0 3.2266042400420361
178 0 0.1945616982603156
179 0 0.8020249371502928
180 0 2.3453497470227376
181 0 1.3880784713597905
182 0 5.8069676397989838
183 0 2.4354890825201210
184 0 2.4930313020654467
185 0 0.2042588722848109
186 0 6.0621637151998584
187 0 6.3591971140714350
188 0 1.1933484282290578
189 0 6.4761993196188428
190 0 4.7699560789186535
191 0 1.8353145507850286
192 0 5.7125404408477038
193 0 2.2418988483784119
194 0 6.4331941356341531
195 0 1.8588291987709340
196 0 2.8730032673312849
197 0 2.7880310324935067
198 0 0.0817344427762237
199 0 0.4758466198235851
200 0 8.2883007589716158
201 0 1.6607403881128562
202 0 8.5067748076497196
203 0 2.2830352113002732
204 0 2.6092389587262232
205 0 2.4542252740886283
206 0 2.1686887666548671
207 0 1.8536361156414500
208 0 0.3294567089472480
209 0 1.0543534284934992
210 0 1.4830571568009532
211 0 0.9859190393679853
212 0 3.8712246993082431
213 0 1.1686220614169827
214 0 1.1739652367993187
215 0 6.3512331109205320
216 0 9.2332555389973550
217 0 8.6735591539996335
218 0 1.6503661061904040
219 0 10.4350462677637665
220 0 13.5976979607141288
221 0 3.1540291660858770
222 0 0.5504158975629707
223 0 4.0655922997619314
224 0 4.8062290956618199
225 0 0.5220105699312398
226 0 2.3965541518248585
227 0 3.5680455154305264
228 0 0.6377341000385002
229 0 0.7562304799022002
230 0 5.4115315516717999
231 0 0.7812341160120013
232 0 7.3942767145037180
233 0 1.6520562344116456
234 0 2.1951089325212934
235 0 1.7602445110213125
236 0 1.8425345438907357
237 0 5.4772324855709087
238 0 1.2659968032539837
239 0 2.6541467591135586
240 0 3.7916494550724593
241 0 1.8948984119265049
242 0 4.3154937693534094
243 0 1.0666579038609996
244 0 1.0391355332604633
245 0 1.4623764423101591
246 0 1.3804076496346340
247 0 0.3167644504832197
248 0 2.2815320329800102
249 0 0.2922904551289349
250 0 2.7719257240357535
251 0 3.7903741761119676
252 0 0.7804780019695556
253 0 3.5207861668471594
254 0 1.2066754698363269
255 0 1.4554026820729433
256 0 1.3593294014796697
257 0 1.5797325395357973
258 0 1.1557434789399110
259 0 0.1668546418254380
260 0 0.2980022498000778
261 0 2.7227224977494302
262 0 0.5745423198366950
263 0 1.7772917994171280
264 0 0.8319755949495402
265 0 1.4181499555436403
266 0 1.9750687504480311
267 0 2.1402684978760362
268 0 9.9097185951616211
269 0 1.1151964830953602
270 0 0.0119194527172795
271 0 6.5869396840686250
272 0 1.4355693315015969
273 0 7.0210186906101058
274 0 1.7023416506058311
275 0 4.3972653868245288
276 0 1.8232963263225201
277 0 3.4218986341108462
278 0 5.8379503292662207
279 0 0.3411126226352508
280 0 0.5348056582918730
281 0 7.2346796693014994
282 0 1.3113905919982471
283 0 5.7421907983114124
284 0 2.0561255855125182
285 0 3.7198197142308800
286 0 5.1140466116755192
287 0 12.7391768057463821
288 0 7.0507826544946965
289 0 3.4292921120365065
290 0 16.7311489271695848
291 0 0.1582500370897719
292 0 4.1689896296356892
293 0 18.0490124898973079
294 0 4.4997125803861024
295 0 5.1551774844127181
296 0 2.5616229875367651
297 0 1.4517863561859485
298 0 10.1873767024745518
299 0 1.2039384631081873
300 0 7.7224619818010751
301 0 13.9755524556123021
302 0 1.8376262426100709
303 0 12.7368675991763780
304 0 4.6295855960607639
305 0 6.0414204240006768
306 0 2.3144675543406379
307 0 5.8110699855294570
308 0 3.5422245284427731
309 0 1.5786854635827581
310 0 0.9894280371556761
311 0 0.6347984337127741
312 0 2.8040910088369060
313 0 2.1503556035052043
314 0 4.3946815400112769
315 0 5.7528920417336735
316 0 3.5254684902228632
317 0 2.5365748106258934
318 0 0.6350704744443476
319 0 2.8288941088187585
320 0 0.1214410197808320
321 0 7.0229871759516698
322 0 3.4128809309838175
323 0 5.6647580915647211
324 0 3.4249509749736831
325 0 4.0582684099032349
326 0 1.5646503889045107
327 0 1.7485682131624571
328 0 2.4367949138984670
329 0 0.3378390001887510
330 0 0.0126789828043172
331 0 0.0982345713331370
332 0 1.4547895809863007
333 0 0.0772353634750402
334 0 1.5154364925179777
335 0 2.2690620377521213
336 0 2.5641474988538278
337 0 1.3210741675211182
338 0 1.3999338877175660
339 0 0.4385138313022594
340 0 3.3746596378420577
341 0 4.6655271089410633
342 0 0.8884924027236991
343 0 0.1438210097868762
344 0 1.4609232762702788
345 0 2.0376123299895994
346 0 5.1718066827830853
347 0 5.0772796889208394
348 0 1.0204124702599984
349 0 4.4402684776482602
350 0 3.6286688980209192
351 0 1.4500277630913843
352 0 0.6652867376626546
353 0 2.2711828918093033
354 0 3.3034509307332200
355 0 8.4263025642922571
356 0 8.0586919096891734
357 0 0.8257232191368189
358 0 2.4964289691610588
359 0 0.0930889338425800
360 0 12.7429810941955566
361 0 4.0389627056104018
362 0 11.8785176420161633
363 0 4.4738894739485318
364 0 6.1689865055342921
365 0 0.6683744712254338
366 0 1.0964822033995745
367 0 5.7155560029615629
368 0 1.9530294940229567
369 0 0.0895097189597038
370 0 2.2694571943912365
371 0 2.7693231547174264
372 0 0.5545996294885356
373 0 1.0923767638631148
374 0 0.7808920726498911
375 0 0.0631605513516007
376 0 1.6615803361365806
377 0 2.6435724702332237
378 0 0.4966275918698102
379 0 1.7814812406906952
380 0 0.6601345299218622
381 0 0.9705630817905728
382 0 11.8409337470400828
383 0 3.1511462186154517
384 0 2.7694454155193284
385 0 2.9942581580413616
386 0 20.9047234254091450
387 0 22.1520192844431563
388 0 3.6638904396018006
389 0 0.1553368117424156
390 0 7.1541540441903066
391 0 7.9185685945035402
392 0 1.3887764882816853
393 0 1.7032574638463771
394 0 1.6668832521421493
395 0 0.1594993426952698
396 0 4.0449661953025497
397 0 5.7657076073216800
398 0 0.7029536169642796
399 0 0.9831041607105675
400 0 1.7174597675028451
401 0 2.4451907941770870
402 0 0.7869241413623627
403 0 2.0577294912365574
404 0 1.9545169984378390
405 0 0.0783343325965120
406 0 0.7297170004359259
407 0 0.3599913179867258
408 0 0.5438399145760400
409 0 0.1898650434330307
410 0 1.3674689361415631
411 0 1.3837790276527357
412 0 1.6111897503270711
413 0 0.2906794936652091
414 0 0.1936490762249719
415 0 2.0272568335304868
416 0 5.9323577500318265
417 0 7.4740109725371440
418 0 10.3931759867522828
419 0 1.3529456833435347
420 0 7.9041254315479819
421 0 2.9991601794156963
422 0 2.2371082826289239
423 0 3.2003176725968956
424 0 3.8634039871603250
425 0 4.2755597264049356
426 0 1.6867593078600862
427 0 2.4798059699716077
428 0 8.9509084805937960
429 0 1.5963849273666710
430 0 0.0784593186456277
431 0 16.9183198229025606
432 0 3.4201267800378901
433 0 18.8567635186630582
434 0 4.1093644371856044
435 0 5.8458440948723478
436 0 0.5734758837733693
437 0 1.9575505151683501
438 0 3.0414156644814625
439 0 0.1139195974312770
440 0 4.6477625113874410
441 0 1.5131050125024785
442 0 0.7801786110058515
443 0 9.0157644540382194
444 0 1.9436095086787191
445 0 2.6242429182907472
446 0 0.7195812448026118
447 0 2.0216139007465017
448 0 2.2136979963245835
449 0 0.0588033961560512
450 0 1.1337637419405837
451 0 1.3779681535364858
452 0 0.4199514760685759
453 0 0.0134334832328022
454 0 1.4287564200290888
455 0 1.6072699148300842
456 0 0.8194296725734489
457 0 1.2347115832658915
458 0 3.0115353409202612
459 0 0.1964648499308623
460 0 2.9488322679876546
461 0 1.1208305818289546
462 0 0.6860791853108026
463 0 3.9788492567160461
464 0 0.8084098398192054
465 0 1.9535988906011426
466 0 5.4652919970154699
467 0 5.2253481670879864
468 0 5.9841001706706720
469 0 1.8927367250809084
470 0 3.3863553839006499
471 0 3.4050382154113095
472 0 5.0040912762384551
473 0 0.0299791087812764
474 0 9.8120497468919439
475 0 10.5907875818595585
476 0 0.0867894593755523
477 0 1.5338016367712157
478 0 0.6632154736438451
479 0 0.2306343245435869
480 0 1.6937438997834420
481 0 0.3497559242784973
482 0 0.5684947779225809
483 0 1.2596681465483925
484 0 1.1133287550844102
485 0 1.2738169710398211
486 0 0.0927515504283178
487 0 2.4569235495421680
488 0 0.0910027306838117
489 0 0.4781293733391863
490 0 2.1320005943646265
491 0 0.1224525322952559
492 0 0.5242217433825118
493 0 3.2114169396024579
494 0 0.8934219961032710
495 0 0.9445683616820730
496 0 0.0046577404736468
497 0 2.0082474562534003
498 0 2.0095025851065316
499 0 0.0546430651333196
500 0 2.0771822509445315
501 0 1.9188747503305592
502 0 0.0796910293007898
503 0 1.3771681329233161
504 0 2.4027441772162774
505 0 2.7163238836184860
506 0 0.4805707851033105
507 0 1.2941952160132359
508 0 2.2878330477110467
509 0 1.7885729714206491
510 0 2.8615384392308556
511 0 2.4990191467447005
512 0 2.9452955583819858
513 0 1.4133865046167102
514 0 4.3407052684832763
515 0 7.9547207137936482
516 0 1.0134717650325342
517 0 4.5272085234077508
518 0 2.5380001475383551
519 0 1.6417566044250975
520 0 1.6961565420423312
521 0 6.5346913789037444
522 0 2.2667555710942224
523 0 11.6403855246928174
524 0 3.0568731161683900
525 0 3.2792859616727128
526 0 2.6369324168222761
527 0 3.7469657305208699
528 0 3.7170832475010798
529 0 0.1140520307153139
530 0 1.2850467878005247
531 0 8.3397603511911882
532 0 2.1202749744460050
533 0 5.2681605640890723
534 0 2.6350551707626408
535 0 3.0603428273450959
536 0 0.1932795648902754
537 0 0.3682994461381099
538 0 4.1647545430549542
539 0 0.4573846993993129
540 0 0.1515996426294635
541 0 5.9606279452390822
542 0 1.1713106377202678
543 0 5.5200501968969888
544 0 1.6291971655838609
545 0 0.9947677053255006
546 0 0.5528106665355494
547 0 4.6148131219309221
548 0 0.3931193803174438
549 0 2.1996748410712144
550 0 2.5855022745281531
551 0 1.5163861321810828
552 0 8.1791458980655989
553 0 1.7360900665275381
554 0 3.3094098758772361
555 0 4.7570581330386403
556 0 0.8984469644866522
557 0 2.0684227615575992
558 0 4.8334873260740778
559 0 1.4408051055797273
560 0 9.6356817495621385
561 0 2.1118730980267060
562 0 2.8459218479830497
563 0 0.0060854111378035
564 0 4.1489519314666694
565 0 1.2259690042596674
566 0 0.7494601602357704
567 0 4.3588924455280988
568 0 1.4026274751549579
569 0 0.7665776884722675
570 0 2.8703464219599937
571 0 2.0212597412504323
572 0 2.0279014836689555
573 0 6.2455053495503989
574 0 11.2932557057251017
575 0 2.2771293012640115
576 0 2.2740284841868288
577 0 3.1092409314433098
578 0 4.7995335075020478
579 0 2.4519061347879187
580 0 13.7841421328171236
581 0 3.5614574098458149
582 0 5.0332527585978255
583 0 0.2690949306424386
584 0 0.2443548307469428
585 0 1.4304884651750172
586 0 0.2246806731207585
587 0 0.0212470585068445
588 0 2.5178794583845274
589 0 0.5409264388025576
590 0 2.6725031843400870
591 0 0.6431137351268035
592 0 0.7352684038875168
593 0 4.0647020835968988
594 0 7.2282480942157008
595 0 12.1532335238936184
596 0 2.7567450747854423
597 0 17.3410999961704420
598 0 7.1234675629446542
599 0 7.8176054107489392
600 0 10.7225420448389173
601 0 10.9185522006602298
602 0 5.2547242389177882
603 0 2.4642273239438452
604 0 5.4984117205899281
605 0 3.4030961570127829
606 0 1.0102759859559995
607 0 2.4604877510562915
608 0 1.9837908974476903
609 0 0.0910585744093453
610 0 3.2767156743855708
611 0 1.5204195363542397
612 0 0.8477011979134730
613 0 1.9092407592213405
614 0 1.9662964011432251
615 0 3.8434569666434300
616 0 6.7663835573338531
617 0 5.0091324000550230
618 0 0.3998297509843383
619 0 6.3282068841764669
620 0 12.7571277928872178
621 0 5.9928143906960258
622 0 23.4146258847552531
623 0 6.3020130071719223
624 0 0.4208075246818055
625 0 0.7330912067466500
626 0 5.4925467652562645
627 0 0.6490573670458559
628 0 0.1215014627675544
629 0 6.3632762145333004
630 0 1.7590730644896553
631 0 5.3128621359299188
632 0 1.8460890001031771
633 0 2.9708477439382648
634 0 1.3832682183234510
635 0 0.2071850981585612
636 0 1.7104359358438614
637 0 0.3336630543566343
638 0 1.0799897810425705
639 0 0.7165928690931196
640 0 1.1242215467126471
641 0 1.9662955462487162
642 0 0.2733881676394390
643 0 2.3626832502706634
644 0 0.2773410561053424
645 0 3.7038698995291952
646 0 4.2322189954041392
647 0 1.0285935314794870
648 0 10.8798328565469831
649 0 3.0526429862800910
650 0 2.9569494602266673
651 0 15.8762642839983528
652 0 9.8380762619752886
653 0 8.6541560652209455
654 0 4.1338443537867420
655 0 5.1204839603664993
656 0 7.9970564635122514
657 0 6.4123417568401635
658 0 18.1067867010311829
659 0 1.4973919474993522
660 0 4.4955402680048167
661 0 16.8613104756217069
662 0 4.6824730308718756
663 0 0.7614716101929275
664 0 4.1065058068508620
665 0 1.1209760088948428
666 0 0.4103812731553944
667 0 5.6146064805249694
668 0 1.7861954504929258
669 0 0.2708111481193214
670 0 2.6585034733403177
671 0 0.9820796006605974
672 0 1.3631782765058915
673 0 0.0734885623402306
674 0 2.9211038417605550
675 0 0.2972092100631585
676 0 2.0457527800898561
677 0 0.5929924248998759
678 0 0.4870166636229101
679 0 3.9119188251708579
680 0 0.6022060402867737
681 0 1.9038347952808863
682 0 12.9157028075620133
683 0 2.4147624226383755
684 0 11.7360793755108261
685 0 2.8452721061087232
686 0 14.0728294418950099
687 0 3.8714351517069190
688 0 4.2381787497189407
689 0 3.4663970528814332
690 0 7.2129391859127736
691 0 6.0745168457529530
692 0 0.2543259526420059
693 0 3.8704603086243594
694 0 17.4652248877098657
695 0 4.5279082940502065
696 0 25.6375362529147424
697 0 6.4860160435998182
698 0 6.5095081286478376
699 0 0.4199930088395263
700 0 0.5727716908363618
701 0 8.3775054533319917
702 0 3.7453126163600814
703 0 0.0455935306565607
704 0 11.2738127732951625
705 0 3.8297906876755405
706 0 12.5549761995977747
707 0 4.6906540399795631
708 0 4.9638483150793604
709 0 12.4958141265286713
710 0 17.3892487317334030
711 0 25.6546913462218527
712 0 28.5218650561572815
713 0 6.5301937700637609
714 0 8.5991924985455057
715 0 2.0300001000169345
716 0 1.8417076426140397
717 0 2.2266170647930039
718 0 0.5014167651908679
719 0 0.7509466748491604
720 0 7.6108925704348280
721 0 1.2961621512492343
722 0 5.2000019986049892
723 0 2.2905792062491628
724 0 4.7648879516362967
725 0 1.7872556204669650
726 0 7.9863303209598371
727 0 7.1663197069155444
728 0 3.5793012973109057
729 0 4.3338837730133264
730 0 3.6274365969878772
731 0 1.6326125782043164
732 0 6.7438189754569180
733 0 2.4213949769061287
734 0 0.0042806628123344
735 0 0.4470896417311678
736 0 1.2628357556123433
737 0 0.3204211409872642
738 0 0.5322259149409092
739 0 1.2267859361347178
740 0 0.3744163523357429
741 0 1.5390712412820449
742 0 0.5123381320310045
743 0 2.7223269230817095
744 0 3.4689550518960459
745 0 2.3238102591666348
746 0 3.8027114223388594
747 0 0.0830124617351089
748 0 10.7823886250635042
749 0 3.4325314824094448
750 0 2.5171956164526250
751 0 11.2932958922287412
752 0 3.0406699885746207
753 0 3.5655649903678182
754 0 0.6883815966294833
755 0 0.6393563301053575
756 0 0.8490214443925197
757 0 0.0109393486741851
758 0 2.2988768096432466
759 0 2.7026270171799638
760 0 0.5692839976734376
761 0 1.2987805372515595
762 0 0.8167865775569396
763 0 0.8877504815843622
764 0 3.8724563034887041
765 0 6.9456673460485092
766 0 3.1803464651019198
767 0 1.0758299877902857
768 0 8.5305570685691237
769 0 6.8293255752531365
770 0 3.3691308883847171
771 0 0.4549484528624248
772 0 0.8466616773948772
773 0 1.8334290708343133
774 0 0.8393548104806996
775 0 0.0619746859848078
776 0 3.7514075336062547
777 0 1.1030540696796436
778 0 4.7456710038406698
779 0 1.5086134933075357
780 0 1.5200050468790209
781 0 3.2957824542772300
782 0 4.1376667506441436
783 0 1.4379458473611635
784 0 0.7348781804631699
785 0 0.1124084650750206
786 0 4.0860770797314103
787 0 0.9265109652508272
788 0 4.2220888784582371
789 0 1.4583441407982036
790 0 2.0134308638205312
791 0 3.4149468483061867
792 0 5.3881101858256955
793 0 0.9182836956610743
794 0 4.1474291418880398
795 0 2.9186535014532069
796 0 0.9949189880940708
797 0 7.1795613403854475
798 0 1.5699676773655540
799 0 2.3787162645378714
800 0 2.7378469268269043
801 0 2.8874505189552622
802 0 4.3346128585344275
803 0 1.8671334455192152
804 0 11.5114053031765025
805 0 12.2274279942691919
806 0 3.5625220451107680
807 0 2.6615422225767134
808 0 0.0238298033301589
809 0 11.0196171581338831
810 0 3.1060225622072721
811 0 12.0285269409437774
812 0 3.4824062903421691
813 0 4.3797101333562409
814 0 0.7911048056864729
815 0 3.4788745114145172
816 0 2.3402818921103972
817 0 0.7682999077336206
818 0 2.2937232546162249
819 0 0.4721014566165280
820 0 1.7742177603245466
821 0 1.5271395962906098
822 0 1.9162676010742246
823 0 2.9060040554822848
824 0 5.6664251715351099
825 0 4.1274237926859030
826 0 1.5986124051454169
827 0 7.8493263010956582
828 0 0.7887705738269233
829 0 1.6607038495705808
830 0 8.8016523455155777
831 0 2.3270588673928501
832 0 2.3937462417927406
833 0 2.0511069825083155
834 0 0.3410902430880753
835 0 1.9951706316505238
836 0 0.8006765944525966
837 0 3.3542108715759298
838 0 0.9240752841211872
839 0 1.0487170120485700
840 0 6.5260571144684150
841 0 3.8611164831886526
842 0 5.9082123257324497
843 0 1.9956474819686036
844 0 16.2258336411233586
845 0 0.4097664830430290
846 0 4.0962010807451179
847 0 17.0910670099302706
848 0 4.2695005221709721
849 0 5.1830648942932953
850 0 1.5080740802182646
851 0 1.1276386748305498
852 0 4.7548133061124531
853 0 0.1659707122228440
854 0 2.4372958183226530
855 0 1.1640056396807381
856 0 0.7031381672617414
857 0 4.1442239317005516
858 0 1.4377400671236842
859 0 3.4107210667874597
860 0 0.0959882034295561
861 0 0.1404757531335576
862 0 2.3565568871719336
863 0 0.0108787411782600
864 0 5.2166414813991082
865 0 4.6471420487972637
866 0 2.0622464844521460
867 0 3.4654529174201798
868 0 1.6764542818004600
869 0 3.6514841148101311
870 0 0.5099271034658273
871 0 1.0005193546985538
872 0 1.2831058096384140
873 0 0.1238831479798250
874 0 0.1616566234699235
875 0 0.1789805681905818
876 0 0.1826961724950138
877 0 0.1992058720469458
878 0 0.4254409764209868
879 0 0.7166978753870694
880 0 2.0104045107008446
881 0 0.8952793589460697
882 0 2.4089159638378277
883 0 0.5608730584402579
884 0 0.7886593179506747
885 0 4.8495634993645353
886 0 1.1135107997148879
887 0 5.3181298495842029
888 0 1.3115160061227797
889 0 1.4491388526233919
890 0 5.0006398026340548
891 0 5.2113781721537862
892 0 9.1298648128277478
893 0 10.4348326512914582
894 0 0.4498956439535391
895 0 3.2182653071238860
896 0 3.5879029273127685
897 0 1.7849437407646178
898 0 6.8317000866629201
899 0 0.6490700339726914
900 0 0.0780412435277356
901 0 10.3207067068702827
902 0 1.7542803506928806
903 0 10.4402262476260717
904 0 1.9930199199864660
905 0 3.7276981316463775
906 0 7.6407757840545401
907 0 2.9963671755962196
908 0 1.7450081537386382
909 0 8.8208511760366264
910 0 3.6768165409155245
911 0 2.1348217855436360
912 0 3.6492856027803953
913 0 3.8251245363180715
914 0 4.1679255392719483
915 0 5.8663905483978169
916 0 5.8027314204126696
917 0 2.2193523093571343
918 0 1.1839639196968506
919 0 0.1514147604004847
920 0 12.3023527140580313
921 0 2.2029398398540820
922 0 13.0769140019233134
923 0 2.5574254407551109
924 0 4.1197641996721757
925 0 1.0471222686545048
926 0 1.3549840586803157
927 0 2.7497120455216759
928 0 0.1023583196313211
929 0 2.9489496396507207
930 0 2.9728065781653186
931 0 0.4999881128052834
932 0 7.9373358512019081
933 0 1.7187672204647129
934 0 2.4666086606100635
935 0 1.1598764057168012
936 0 3.4263959974101112
937 0 4.1888525481482475
938 0 0.5361741772930202
939 0 2.7005673389273284
940 0 3.0841484490900655
941 0 1.0719391583608626
942 0 2.3743261497548360
943 0 5.5671832026001198
944 0 6.7167214294577207
945 0 1.4820567416883250
946 0 2.0059989437003765
947 0 3.1475436153933174
948 0 1.0571807906736694
949 0 0.4772257969422924
950 0 0.1608547095915185
951 0 1.4791231404354903
952 0 1.0159415657491593
953 0 2.5776648858235944
954 0 1.6175856599562337
955 0 1.7434294424762129
956 0 4.4307173804019726
957 0 1.1090091556563948
958 0 6.5941941401327995
959 0 1.9945051610720839
960 0 0.4652129164871894
961 0 1.9688206526542729
962 0 3.2438866740125150
963 0 0.4704568332120118
964 0 0.5005724142942540
965 0 4.9063528152452136
966 0 6.2506270834487623
967 0 6.1039630902641875
968 0 0.9986728158683036
969 0 5.1522283217325935
970 0 1.2454205735728010
971 0 0.6428745153241380
972 0 4.9979519577306064
973 0 3.1294956293620544
974 0 1.8637739071861574
975 0 11.3734515344466445
976 0 2.4411664493416083
977 0 3.4122987128316709
978 0 0.0734122862318145
979 0 11.0824153420581411
980 0 1.6703635463903765
981 0 3.4470944862140982
982 0 12.7692492382135470
983 0 1.5116539293904907
984 0 4.4912295078326565
985 0 11.6863290720716577
986 0 5.1590010094627701
987 0 7.7576126360376634
988 0 4.8083463448876955
989 0 1.4351617486674400
990 0 3.1395606868439927
991 0 4.0493148403583632
992 0 9.8513102481308010
993 0 13.0626411953601860
994 0 4.2001664973497554
995 0 0.3325444827371484
996 0 4.2562819871415627
997 0 5.1075490887750448
998 0 6.4447353058506565
999 0 0.6918844967857467
1000 0 0.3166797804045132
1001 0 4.5374052078812497
1002 0 0.3422417700520342
1003 0 1.4475109853177699
1004 0 3.8854093604271753
1005 0 0.4961841027613332
1006 0 1.8458324348028370
1007 0 6.0885619572693699
1008 0 1.6580962549086209
1009 0 2.4053543852019743
1010 0 2.0492738879111201
1011 0 2.3141909487887560
1012 0 6.2137032830803491
1013 0 2.8086995253622149
1014 0 0.5162130370923705
1015 0 1.4876170637717792
1016 0 3.5032781629346346
1017 0 9.0729977098785639
1018 0 1.8692649559624783
1019 0 5.7230092815013336
1020 0 2.5687550832384431
1021 0 2.7390148573791748
1022 0 9.9864737188827917
1023 0 12.1118112022703031
1024 0 4.4578150961245910
1025 0 0.1028767265232773
1026 0 2.8363202044648119
1027 0 5.6397568747757418
1028 0 3.9462908361949189
1029 0 4.3168896824506646
1030 0 0.6217596263093128
1031 0 1.7799591979817251
1032 0 1.2329464597000310
1033 0 3.2008562920881900
1034 0 4.2621576756201307
1035 0 1.2955079284349722
1036 0 1.5729612576233762
1037 0 3.1899880936940690
1038 0 2.6549392818117212
1039 0 1.1302858083824887
1040 0 0.6265772178466733
1041 0 0.8496167784249096
1042 0 1.0316356722840396
1043 0 5.6997029369278707
1044 0 1.0436640243363229
1045 0 3.3658654022991499
1046 0 1.3857150425642786
1047 0 2.3058962302789752
1048 0 7.4865130972577276
1049 0 5.1119045656467392
1050 0 8.4343601551067309
1051 0 1.6795056570803126
1052 0 6.8608704053136194
1053 0 8.4387558270738623
1054 0 2.8086049747054744
1055 0 1.6501772835245276
1056 0 1.5516226072440702
1057 0 2.5221223270348077
1058 0 0.0418332308731664
1059 0 3.0353153041952794
1060 0 8.1635378859930796
1061 0 1.8381448194196821
1062 0 2.0879123659255612
1063 0 2.5016994611245877
1064 0 25.2675007856571483
1065 0 28.2344979526430961
1066 0 28.9269897261493725
1067 0 7.0553970945322249
1068 0 16.4228455489258636
1069 0 16.7256176424457408
1070 0 8.3456714347377670
1071 0 8.8265058607283891
1072 0 9.2132399831305634
1073 0 3.0087293696340396
1074 0 3.2137306607392588
1075 0 6.1666358093583256
1076 0 0.7603405350246248
1077 0 6.9969568585335367
1078 0 3.2455734410786476
1079 0 1.6229273445324282
1080 0 3.7540894768397379
1081 0 2.0720324617882966
1082 0 2.5982401253449723
1083 0 3.0467926077382685
1084 0 1.7051912281252726
1085 0 6.3574168127342432
1086 0 1.0434956817415468
1087 0 0.7327523609515652
1088 0 1.9869766958026958
1089 0 2.0081817163006122
1090 0 4.8371917392669843
1091 0 2.3973542912078756
1092 0 2.6214536804334330
1093 0 3.2669524060307680
1094 0 3.1985688256447133
1095 0 3.7206590733973570
1096 0 3.4896320133697571
1097 0 1.4219598613232733
1098 0 0.6302332994700350
1099 0 2.9041286171501213
1100 0 1.8660902237412529
1101 0 1.4433317508602954
1102 0 0.5494351565709223
1103 0 1.0943637318712405
1104 0 0.1380754813107785
1105 0 2.9184846095094912
1106 0 1.9272750731055623
1107 0 1.0818048660313480
1108 0 1.2377591866321609
1109 0 1.7516478645355704
1110 0 1.4351899354659423
1111 0 3.8379716978909642
1112 0 6.1697514960104058
1113 0 1.0770790619843780
1114 0 6.2698542294260307
1115 0 4.2397709306385991
1116 0 1.5354129294151306
1117 0 3.3832243114139970
1118 0 1.6000881537255367
1119 0 2.2163317740073296
1120 0 6.0640543713579902
1121 0 5.5665345529705874
1122 0 6.9739888719077072
1123 0 2.4275738375647009
1124 0 1.2547391527133414
1125 0 0.4168568990295967
1126 0 3.3018359866804303
1127 0 2.2372300027234360
1128 0 1.3631824993802297
1129 0 2.5289651176354937
1130 0 2.8041261343951192
1131 0 2.1576879401109750
1132 0 4.5202369592038565
1133 0 5.1712881519551388
1134 0 0.2784687413916060
1135 0 2.1186937370978853
1136 0 1.6301751774365414
1137 0 2.1216776983796422
1138 0 1.0848440661289658
1139 0 3.0218293931976348
1140 0 0.8570845698259575
1141 0 0.8079832037455219
1142 0 1.0918306128507993
1143 0 1.3947720628470961
1144 0 3.1248461220750414
1145 0 3.6348155595264870
1146 0 1.3223795130350027
1147 0 7.8831290577381310
1148 0 5.7135713946743749
1149 0 2.3719418065165883
1150 0 3.0569106596440179
1151 0 1.6085307283609609
1152 0 1.3333439568913263
1153 0 7.5837038365274339
1154 0 2.9507844941334156
1155 0 0.2751606038536352
1156 0 15.6052975278752797
1157 0 4.8827152887393481
1158 0 15.1347061088812893
1159 0 6.1780773029622651
1160 0 6.4649064621282264
1161 0 2.2736740977350891
1162 0 4.0867909326660197
1163 0 0.7412089549786032
1164 0 1.6702871851018273
1165 0 2.9790030661355331
1166 0 4.0473216240340832
1167 0 2.2781420531047161
1168 0 0.2014147494106453
1169 0 7.3113709282509944
1170 0 1.6348109282233736
1171 0 9.2725685278691117
1172 0 2.4597258664375943
1173 0 3.0249235057241890
1174 0 14.9431672123861858
1175 0 12.0868864714541928
1176 0 4.4486656917971459
1177 0 20.5696979928173391
1178 0 4.7741070886148691
1179 0 15.1916173875547429
1180 0 5.1916819203677278
1181 0 2.9502931928197427
1182 0 2.0873274928376873
1183 0 4.0249578726199502
1184 0 3.0207410852571286
1185 0 3.8501212718905720
1186 0 1.3248329894154267
1187 0 1.3599578621461887
1188 0 4.6354169988326817
1189 0 6.6112303535192041
1190 0 1.2516324289455270
1191 0 3.7747780120980678
1192 0 5.5460090902751631
1193 0 6.2010256753334829
1194 0 15.0997182159778163
1195 0 18.1007746976106318
1196 0 4.7947170342640106
1197 0 4.8114989136345230
1198 0 4.3076906259303200
1199 0 3.8928018082492031
1200 0 0.7163470192594019
1201 0 0.9885654575907807
1202 0 1.5134664838611940
1203 0 0.0332230028655545
1204 0 0.6127347171126871
1205 0 1.6202895393324042
1206 0 0.6175308031859146
1207 0 3.8168075624534765
1208 0 0.6718976182993259
1209 0 1.8780690838186160
1210 0 0.0060025445252165
1211 0 3.7195812606440768
1212 0 3.6636071256340870
1213 0 0.6986193581828104
1214 0 3.9925238855162206
1215 0 0.7933906097086663
1216 0 4.5380557420720322
1217 0 1.3959269436254260
1218 0 2.1886453532197265
1219 0 1.9786768575810925
1220 0 3.1365300316508922
1221 0 3.0493884724142433
1222 0 0.3874102353983702
1223 0 0.7000819470226674
1224 0 0.8844698090137371
1225 0 0.6512526879621561
1226 0 0.0231422042093783
1227 0 1.4049709802183941
1228 0 1.4062428735561738
1229 0 2.3905923066595278
1230 0 4.8723390678621854
1231 0 1.5308270182703154
1232 0 2.2132781999645204
1233 0 4.8295978059927052
1234 0 2.4122296250714044
1235 0 4.2684787597319769
1236 0 5.8997001007369931
1237 0 1.2924539970452429
1238 0 1.6573548908008888
1239 0 1.4402126373405579
1240 0 0.4361492669394806
1241 0 2.8556744426138394
1242 0 3.9550922726662918
1243 0 0.6789883846456561
1244 0 0.3809935610210644
1245 0 0.8403150318195998
1246 0 1.3595835944778898
1247 0 4.5940097448624329
1248 0 8.1512395634106269
1249 0 15.7634767928933570
1250 0 1.6525056026035259
1251 0 3.0787092119974346
1252 0 3.1607488485098827
1253 0 5.1248923303375307
1254 0 4.7045391730476354
1255 0 1.6864358975534088
1256 0 2.4336016194331478
1257 0 1.1268711826347442
1258 0 0.2752423284812267
1259 0 0.9095233239737013
1260 0 0.3045940616790404
1261 0 0.8459476570605489
1262 0 0.5169978675993718
1263 0 0.2174747092371945
1264 0 0.6678555972357287
1265 0 1.1043947864152699
1266 0 1.3102919689198700
1267 0 3.2531337658979282
1268 0 0.1149459365684891
1269 0 4.9159682847617603
1270 0 6.8922243979711482
1271 0 2.2097201781719775
1272 0 2.4000981842131637
1273 0 1.8758037510702366
1274 0 4.1279262190623172
1275 0 10.5471823944790231
1276 0 0.4805188242812051
1277 0 2.5709320121201813
1278 0 19.7289242485591672
1279 0 3.5169097288827516
1280 0 15.4372069852865366
1281 0 3.9165197619531682
1282 0 6.7386556947005829
1283 0 10.3133031552144416
1284 0 10.1791703086231564
1285 0 6.7849091530767964
1286 0 3.8798094092336441
1287 0 3.4459906080145402
1288 0 14.4144048617117164
1289 0 3.9821671928713158
1290 0 2.8115264812212786
1291 0 3.8802725245424767
1292 0 0.5790991471090479
1293 0 5.6421751735215366
1294 0 1.7040047921513519
1295 0 1.5742891267263417
1296 0 3.8456479426507713
1297 0 3.4841538759185937
1298 0 4.2285175303051687
1299 0 7.3474906357987493
1300 0 11.9387426790725044
1301 0 14.7333556375646140
1302 0 1.4996527165504858
1303 0 1.9069890221250034
1304 0 0.1551261889345028
1305 0 2.9517779979610737
1306 0 3.3494893350948018
1307 0 1.2061819791724702
1308 0 4.9789456789187057
1309 0 1.2514729788156842
1310 0 1.3990890195873362
1311 0 8.5175151510892420
1312 0 0.4743403436344238
1313 0 1.1171295430372084
1314 0 2.2009749474199793
1315 0 10.6482924601129980
1316 0 10.5393182290206369
1317 0 2.4067350918882653
1318 0 2.8133024048199786
1319 0 2.9612791958227831
1320 0 4.6292051216109940
1321 0 2.9864884851753857
1322 0 0.3702954831991860
1323 0 4.4332721512565740
1324 0 0.6728111072465026
1325 0 8.8361511242601125
1326 0 2.2458840749383739
1327 0 4.8615424560618976
1328 0 3.1417324947259999
1329 0 5.9249166463836787
1330 0 6.1814324091851631
1331 0 8.1866550551914656
1332 0 3.2338698417179899
1333 0 2.8066554834755379
1334 0 4.6921068098637875
1335 0 6.6996925497565485
1336 0 10.7540807857820937
1337 0 1.5975178839192097
1338 0 0.1802847968777428
1339 0 4.8963990662617505
1340 0 2.6137127358432224
1341 0 4.6761902377780871
1342 0 3.8307788251061368
1343 0 4.1044598815707332
1344 0 2.5595506300912803
1345 0 4.9362144231991749
1346 0 8.6411486836220490
1347 0 1.7125550492598194
1348 0 3.7180226571319395
1349 0 2.1743013562342384
1350 0 2.0578029519680427
1351 0 2.9717373607575865
1352 0 3.2534641657122449
1353 0 3.2242752395129628
1354 0 1.4482978438791179
1355 0 3.5634826240067810
1356 0 3.9870490640784055
1357 0 3.1962340199604569
1358 0 4.9543919890159600
1359 0 5.2815756985730786
1360 0 1.1942747560187286
1361 0 2.0427237808816017
1362 0 1.7345224414805216
1363 0 0.0537451554502582
1364 0 1.9273202448921438
1365 0 5.7218707938803846
1366 0 1.1543916712641931
1367 0 6.1331261844769074
1368 0 1.4545436649992212
1369 0 2.0428552307762970
1370 0 0.9817484702853108
1371 0 3.6175706464838413
1372 0 1.3911865707975721
1373 0 0.5351116283471242
1374 0 0.8361760293126963
1375 0 2.2732753651608277
1376 0 0.5428019423420096
1377 0 5.0154367903053867
1378 0 2.1938480945024708
1379 0 3.1535365986638340
1380 0 0.9109862314083443
1381 0 1.1836322988588677
1382 0 3.5344328314538984
1383 0 0.2801553921756863
1384 0 4.0895643777750479
1385 0 7.3046062363635542
1386 0 0.8479994700713291
1387 0 2.1402497250736587
1388 0 3.2218779338222703
1389 0 7.5361956304943760
1390 0 0.8052819052692826
1391 0 10.8244061745230056
1392 0 1.3961051807577292
1393 0 13.0229265962990439
1394 0 3.1587238231651327
1395 0 16.7198612977313132
1396 0 4.1194528817421769
1397 0 4.4968308952783502
1398 0 1.4746464289695211
1399 0 3.7824899133643157
1400 0 4.9625686568907525
1401 0 1.6323076566943371
1402 0 8.6993856615765139
1403 0 11.8918137678136304
1404 0 6.4419224620581872
1405 0 5.6859853583245012
1406 0 5.6338188161047924
1407 0 11.5822625076824579
1408 0 1.1060284751080758
1409 0 12.2794704494422717
1410 0 14.1602756053686676
1411 0 3.6316613019462807
1412 0 2.0886967660963194
1413 0 3.9107816016000996
1414 0 1.6050965567299755
1415 0 1.2460758248197763
1416 0 6.4801519962652208
1417 0 5.9054070103597240
1418 0 1.5940528899022581
1419 0 1.3130419190219484
1420 0 1.6642432119838801
1421 0 1.9138506680436294
1422 0 2.0511480503394850
1423 0 3.1753653074519690
1424 0 0.3686539328132312
1425 0 1.5664144966353035
1426 0 2.7418068123607924
1427 0 0.2837768395153688
1428 0 0.4327428681675372
1429 0 3.1639208371453549
1430 0 4.4692029617705487
1431 0 1.2600249425010475
1432 0 2.0372822863035651
1433 0 6.4791736069855688
1434 0 4.3062142630392373
1435 0 0.6888578905311533
1436 0 6.5242242153552183
1437 0 0.3946119950636557
1438 0 10.2249560134128501
1439 0 14.4257591609289193
1440 0 3.7262656876003462
1441 0 5.2732143548287809
1442 0 7.3068632278536825
1443 0 4.1222372625580874
1444 0 0.9038403247361657
1445 0 2.3868666732506654
1446 0 6.5090474207425473
1447 0 6.3311581467354472
1448 0 2.1102975022763530
1449 0 4.5009392693895620
1450 0 1.5364850838504935
1451 0 9.2282904195288324
1452 0 1.2866682003642609
1453 0 11.1456505017847576
1454 0 16.0291571174285252
1455 0 3.9184228640948504
1456 0 0.7337545276596416
1457 0 1.6765015824108787
1458 0 0.6963339507987030
1459 0 0.1366246448370134
1460 0 0.4295868879148088
1461 0 1.2981805151803201
1462 0 0.3172105609500022
1463 0 3.1578329907989655
1464 0 0.8572953017185228
1465 0 1.0820043204487320
1466 0 2.1687097583995296
1467 0 1.5669570409622224
1468 0 3.6333843145854985
1469 0 0.0623221175876552
1470 0 1.5389895945214676
1471 0 1.6082267125410112
1472 0 3.2114056501782215
1473 0 1.5980031047994316
1474 0 1.6875078032783222
1475 0 4.9292146793325173
1476 0 0.0342982737164448
1477 0 0.1949903608734189
1478 0 9.5493684678349382
1479 0 2.0740659869134674
1480 0 7.9500029153196579
1481 0 2.0978896994319598
1482 0 4.3166182852076531
1483 0 3.2961232536451632
1484 0 3.0608231706765423
1485 0 0.5321537631771776
1486 0 7.3752727802601896
1487 0 1.8163052978642042
1488 0 7.4122890985662480
1489 0 1.9593438518070343
1490 0 2.0323242042644267
1491 0 2.4462703159406942
1492 0 5.3886413593988891
1493 0 6.3649534007128068
1494 0 1.6707517290647615
1495 0 8.7007977047919951
1496 0 1.4821190986383499
1497 0 0.6618664257899809
1498 0 2.2286863972503284
1499 0 0.5719699974247305
1500 0 0.1056821832929131
1501 0 0.8632775247612017
1502 0 0.8130893352484918
1503 0 0.8858518498718126
1504 0 1.1323277887167364
1505 0 2.6422520899488973
1506 0 2.8259733637282523
1507 0 3.2188152587520449
1508 0 0.7224642375700228
1509 0 1.2258420120251401
1510 0 1.0618504799937796
1511 0 0.9785498684775860
1512 0 4.8674673913158983
1513 0 8.5732258114746571
1514 0 7.7637952646573183
1515 0 3.6891850390883292
1516 0 2.5456917254021505
1517 0 2.1979954888243469
1518 0 4.0426675194907489
1519 0 0.6017367689148045
1520 0 4.8315752259622400
1521 0 3.9720460589102231
1522 0 0.7448475814579183
1523 0 0.8431735799451303
1524 0 2.2958606087925091
1525 0 2.7346632480763446
1526 0 1.5049202649914832
1527 0 1.3773582722650701
1528 0 1.3030246682411075
1529 0 0.0159284821096435
1530 0 5.7525539908431256
1531 0 4.7736320522420783
1532 0 1.3694781379275014
1533 0 0.7134308152875519
1534 0 1.5481401644575215
1535 0 1.5956185779559178
1536 0 3.9137389978007491
1537 0 12.2231678699959048
1538 0 4.7547181308859763
1539 0 1.3448567623456142
1540 0 26.6220128019086815
1541 0 6.6068329870387856
1542 0 27.8079535838492689
1543 0 6.7885373805212907
1544 0 7.2429824808739340
1545 0 3.2906710744947532
1546 0 2.4583777945464931
1547 0 6.0427920803428492
1548 0 1.3323344010560447
1549 0 13.8590842846182909
1550 0 17.3966885102510105
1551 0 6.4895824196270269
1552 0 4.8098195535719128
1553 0 15.8158688682324282
1554 0 22.9599852944342047
1555 0 5.3013827614256002
1556 0 7.1471502368493134
1557 0 5.6807940222739717
1558 0 6.2025589469487841
1559 0 3.2173831175730925
1560 0 1.4036526315750280
1561 0 2.1918643209655215
1562 0 0.1286493708545322
1563 0 8.7147617305610368
1564 0 9.2767161867465688
1565 0 2.0615230713622168
1566 0 0.4911038235846092
1567 0 2.3619195388409082
1568 0 3.1305853544097602
1569 0 2.7681282387375745
1570 0 5.6392536666199931
1571 0 4.6755808983413658
1572 0 0.5561850216913626
1573 0 1.6731622482026296
1574 0 1.2207815109434250
1575 0 6.9545439913497944
1576 0 2.6554079870390979
1577 0 4.2032902704724506
1578 0 2.8409845693769853
1579 0 1.7319008264570925
1580 0 2.7278439509279906
1581 0 0.4962162115041906
1582 0 3.7066891523757590
1583 0 3.7378786590824120
1584 0 1.0470735392527786
1585 0 4.4663307026099233
1586 0 6.6354360923442073
1587 0 7.8010624812402511
1588 0 0.6955777197757129
1589 0 4.6679056810496604
1590 0 4.2081029015272406
1591 0 2.0486811467040980
1592 0 0.1493581900290337
1593 0 3.4662167564521269
1594 0 4.0938671198048269
1595 0 10.3597438853134918
1596 0 6.4909000528234060
1597 0 0.1555714208946029
1598 0 5.2646427721733744
1599 0 17.8427209595633940
1600 0 2.6611519981284459
1601 0 6.2022483822898948
1602 0 21.1541753747558232
1603 0 4.0719197009234449
1604 0 10.0174012077297334
1605 0 6.2157197248566831
1606 0 8.5506256619694909
1607 0 0.8616885692089369
1608 0 1.0060327688164534
1609 0 0.0146742649513385
1610 0 0.3281607127735384
1611 0 1.8643681310655964
1612 0 0.6602862714234305
1613 0 0.9334584164468609
1614 0 0.7908059850840345
1615 0 0.8609257746513705
1616 0 5.2441089739971858
1617 0 0.4204685838070930
1618 0 1.4823830683658912
1619 0 0.9069213976906383
1620 0 8.4175783027719433
1621 0 10.5121593690452357
1622 0 2.2853648270236704
1623 0 1.3419598356134372
1624 0 2.5555517146090665
1625 0 2.9960148439682257
1626 0 0.0579895802127410
1627 0 2.0279115298185175
1628 0 1.5058578517975647
1629 0 2.6382716957453098
1630 0 0.1223867679915358
1631 0 4.4590824366175283
1632 0 8.9262669840561557
1633 0 15.6561241878239912
1634 0 10.0451224230485536
1635 0 6.1308160142467045
1636 0 11.1239209335956843
1637 0 0.9707868606460011
1638 0 3.8680284245962184
1639 0 1.7746183707742489
1640 0 18.1041326327575121
1641 0 12.5283162949352800
1642 0 4.1858543585281041
1643 0 3.9667515161028177
1644 0 5.3065134814962107
1645 0 5.6888853696267461
1646 0 6.0322692745044719
1647 0 1.7417339225605701
1648 0 0.3324870762575642
1649 0 2.1901571839622420
1650 0 3.8158943492733215
1651 0 2.3640633612538977
1652 0 2.7396251256388382
1653 0 3.5860789004225353
1654 0 5.6540764057705815
1655 0 5.8278832207290066
1656 0 10.6452714725360522
1657 0 3.0818432554128776
1658 0 3.0094836937056186
1659 0 3.5640593890136643
1660 0 6.2550135803739693
1661 0 6.2549247862217783
1662 0 4.6672540794967574
1663 0 1.5509218922770458
1664 0 3.3283044336244814
1665 0 2.0936336415605581
1666 0 1.2221957669055996
1667 0 4.5317772628627608
1668 0 6.5845988338281245
1669 0 1.9192783205571686
1670 0 8.0308509723224688
1671 0 2.3853127926512911
1672 0 5.9284937676810046
1673 0 18.9760649924400582
1674 0 5.9874905118756487
1675 0 13.8155594274336977
1676 0 3.7110741405776935
1677 0 2.5861572276850211
1678 0 2.7194195373772345
1679 0 5.0041605632978303
1680 0 3.8294222041440094
1681 0 5.4734902551735445
1682 0 1.6365852088124484
1683 0 8.4374957017880376
1684 0 1.9729492586518518
1685 0 4.0059851703045410
1686 0 0.6825865155828978
1687 0 0.9252227491501799
1688 0 0.9702044507308187
1689 0 7.7200273066283671
1690 0 7.8811262699009603
1691 0 2.4942532940177671
1692 0 0.0857451941957947
1693 0 3.0842532966863700
1694 0 3.7487723548653094
1695 0 1.8453082164451757
1696 0 0.4244368723246339
1697 0 3.8323234871687646
1698 0 0.4210949346900748
1699 0 3.0962138516790674
1700 0 6.7689556287336927
1701 0 1.6052527790680529
1702 0 6.7478744394084629
1703 0 1.1899036727010639
1704 0 9.0964574824355964
1705 0 9.5739115918791526
1706 0 2.2901890726286638
1707 0 2.5589114883410389
1708 0 3.0835188793330133
1709 0 4.4482557886913128
1710 0 4.2837907668615287
1711 0 0.1997894021689604
1712 0 4.3228626651851982
1713 0 0.5312652010682086
1714 0 1.8794215627756046
1715 0 7.8481692355763926
1716 0 3.1601962156191803
1717 0 3.2083979138068059
1718 0 1.1301857633417569
1719 0 0.6006540583503792
1720 0 1.4344875162542152
1721 0 0.0884195399656278
1722 0 3.1469291902390211
1723 0 3.2219720143803698
1724 0 0.7373464665041425
1725 0 2.5042689119227575
1726 0 1.1420532162734887
1727 0 1.2214518041993543
1728 0 3.2307950197978812
1729 0 3.0209893111771748
1730 0 3.4714047209577359
1731 0 0.7988491386909118
1732 0 7.2839383281110486
1733 0 1.5494583183388499
1734 0 9.5051829200580187
1735 0 2.4836452743467419
1736 0 0.5693596009851660
1737 0 1.3155874165412911
1738 0 1.6918078552409952
1739 0 0.0625513711818542
1740 0 2.6941732610064832
1741 0 4.1707152097519042
1742 0 0.7701451863956095
1743 0 3.7528419879131434
1744 0 10.2967388892307099
1745 0 6.0665190923690488
1746 0 2.4974076464556560
1747 0 12.9283085447987105
1748 0 10.6299696905484780
1749 0 3.6205139551846059
1750 0 3.9997992692893263
1751 0 9.2298347179529401
1752 0 8.7611488360579983
1753 0 5.3325722574142560
1754 0 1.1637108450115079
1755 0 1.4873798181476445
1756 0 28.2657639146184465
1757 0 3.9775790502022232
1758 0 26.7938492330385998
1759 0 4.6962763147749342
1760 0 11.2196489561549129
1761 0 0.1502406807076397
1762 0 1.0487306316316563
1763 0 1.2584532666997461
1764 0 2.3128077065933326
1765 0 8.5649306172441584
1766 0 12.7967789147199937
1767 0 12.5802481053992494
1768 0 4.6659447399544547
1769 0 0.5528174043300851
1770 0 0.4056082292841836
1771 0 5.4933256661353767
1772 0 0.0630883538761111
1773 0 6.7699492168042070
1774 0 7.4368160036927122
1775 0 2.2269758732757623
1776 0 1.3898955215009892
1777 0 0.4753762737976217
1778 0 1.0860566413506945
1779 0 1.7434534087091151
1780 0 1.6019475125941653
1781 0 1.6882963795086994
1782 0 1.8019507835701347
1783 0 2.7200697296108274
1784 0 1.3439712969801008
1785 0 2.6329061287813715
1786 0 1.5290312821733210
1787 0 1.6475697379597136
1788 0 0.8667698070016741
1789 0 4.9143509742036713
1790 0 1.8138133866861494
1791 0 4.1368597535253215
1792 0 2.0595128476865696
1793 0 5.3006715573972940
1794 0 1.4345254253276138
1795 0 9.1549922957483005
1796 0 1.7722994401455878
1797 0 2.9464024091454348
1798 0 6.9087181412155871
1799 0 1.0959838893826088
1800 0 7.8843973554133697
1801 0 1.0793244818858909
1802 0 11.0975664325133891
1803 0 2.6441619979537450
1804 0 12.9794143741768835
1805 0 3.0004041868667457
1806 0 3.5020794037843928
1807 0 1.5185720107554062
1808 0 1.7731381597235725
1809 0 0.3183678943509562
1810 0 1.2818695104963354
1811 0 1.6632850414187033
1812 0 1.7125382095939017
1813 0 2.8233609344056276
1814 0 2.9164264796071393
1815 0 3.3775219378107977
1816 0 5.1208227577343450
1817 0 2.0801679563383004
1818 0 2.0200206483379475
1819 0 1.0944661113700818
1820 0 12.9871634033864893
1821 0 7.9432783837548868
1822 0 4.8397650987258771
1823 0 6.6611997599498523
1824 0 7.2108819106381361
1825 0 2.1593504052864887
1826 0 11.2907523161309769
1827 0 0.2767006775740128
1828 0 2.1216728936740239
1829 0 2.4011965455878794
1830 0 0.4359347412729946
1831 0 4.9525791800415959
1832 0 0.4852548487367585
1833 0 6.7848646892145155
1834 0 1.5198188262487520
1835 0 8.3541684038234507
1836 0 3.2362850738559814
1837 0 10.6374182952027070
1838 0 3.3563988237354181
1839 0 4.6620327303904219
1840 0 1.4456779798006352
1841 0 5.8920696060826714
1842 0 1.0669162402787435
1843 0 0.0646307640925414
1844 0 7.2188752919287111
1845 0 1.6954695204808701
1846 0 7.6913477336411660
1847 0 1.7816992757313130
1848 0 6.9985514806500078
1849 0 1.3973604876342165
1850 0 1.4990481610817596
1851 0 5.5604638716536101
1852 0 3.9612152050238478
1853 0 0.9372256517629012
1854 0 3.6680201795034577
1855 0 7.3405703517213396
1856 0 1.0647264150792353
1857 0 3.3959222995208052
1858 0 4.1168616304035481
1859 0 0.6547948248241369
1860 0 0.1796009872295627
1861 0 0.4052257373857060
1862 0 0.4298061840462850
1863 0 0.3896477963766927
1864 0 0.2269462161438724
1865 0 0.9591726442119608
1866 0 0.0602695027285449
1867 0 0.9862193362057212
1868 0 1.2422327817101859
1869 0 2.6724619986095490
1870 0 10.7955758985238504
1871 0 13.9515785578724945
1872 0 4.8686773041682727
1873 0 1.8052720873527051
1874 0 1.4238293046135198
1875 0 1.4308579472512974
1876 0 0.9218113238707559
1877 0 10.8473945063147426
1878 0 13.3624858375345923
1879 0 3.0810683276189934
1880 0 8.0652322485814807
1881 0 0.7600925187714722
1882 0 3.3242715672850807
1883 0 11.6630197124024448
1884 0 3.4317062975534895
1885 0 0.3202595456327373
1886 0 0.2905793817968458
1887 0 2.4448365655542972
1888 0 0.2287929963558071
1889 0 0.3423069212466459
1890 0 2.2582123474727496
1891 0 0.2787632176249133
1892 0 3.9460399623890936
1893 0 0.8059758784611546
1894 0 2.1794429248215579
1895 0 1.5326039516004926
1896 0 0.5116187253834994
1897 0 0.4641563194778371
1898 0 1.7098780476656259
1899 0 1.3049557562193286
1900 0 0.3222955467252291
1901 0 1.0150711828588044
1902 0 0.8376881877815663
1903 0 5.5419607457187681
1904 0 7.3205105599026865
1905 0 7.8227790411194178
1906 0 1.0253437043542704
1907 0 2.2469498506120544
1908 0 4.8077863795388112
1909 0 5.3275906156408723
1910 0 6.9148629211629782
1911 0 6.8708551190547382
1912 0 1.8787126322368977
1913 0 3.4492693410871880
1914 0 2.2557947636599920
1915 0 2.2979516790292109
1916 0 2.7183047749820162
1917 0 6.9108347327517095
1918 0 6.1595777803845522
1919 0 13.8967717912134390
1920 0 15.5648672998441668
1921 0 3.4801020763233907
1922 0 1.3052324591837134
1923 0 3.6172248680967982
1924 0 4.4974876727452795
1925 0 3.9826813179773808
1926 0 2.9322047937673119
1927 0 3.8948485177763814
1928 0 4.0054941392964452
1929 0 4.0692339953358783
1930 0 3.4664481380789312
1931 0 1.9558197625803047
1932 0 5.1369636166826496
1933 0 1.3793206570733361
1934 0 5.0037753985959625
1935 0 4.5054969075918052
1936 0 5.5408794044301999
1937 0 5.5888259458876632
1938 0 1.6511996543817418
1939 0 1.6728844694983422
1940 0 1.3562006941000959
1941 0 0.5850792349792755
1942 0 1.6876111196821739
1943 0 1.2058801607946634
1944 0 4.9444064092538724
1945 0 2.8163627225196706
1946 0 3.7169506896270263
1947 0 1.1113840283492209
1948 0 6.2713696651740634
1949 0 6.0328832825802579
1950 0 1.4902629413458044
1951 0 1.8690800591014920
1952 0 1.8584334524901465
1953 0 4.9971860955537863
1954 0 0.8010475664167842
1955 0 1.2493917583255865
1956 0 5.7288741053995125
1957 0 1.4627325446506916
1958 0 3.7530276338230806
1959 0 0.4466245685915453
1960 0 2.4360312037648271
1961 0 3.9003640944502536
1962 0 3.1708604650218604
1963 0 0.9638829866560172
1964 0 4.0603892964753356
1965 0 7.9659125512037008
1966 0 9.8826264911974420
1967 0 1.7164022988804390
1968 0 3.7345622983969236
1969 0 1.1075797718253284
1970 0 4.8969237764670766
1971 0 6.1458353829958696
1972 0 4.7959757640221028
1973 0 1.3535782742427216
1974 0 1.1730351797156118
1975 0 0.5827079975591971
1976 0 5.1821913698537116
1977 0 5.3984929959247268
1978 0 3.6774462026902768
1979 0 7.7145455598214312
1980 0 2.5275494427914964
1981 0 3.0563469885895529
1982 0 4.2446485231281770
1983 0 1.5934941334899548
1984 0 4.5184566426086903
1985 0 4.7782501007910270
1986 0 4.5586214556438449
1987 0 5.3327121615419628
1988 0 0.0347566178224952
1989 0 10.7938696575162396
1990 0 2.3941757557546737
1991 0 12.0535745861869259
1992 0 3.0058514509795486
1993 0 0.1955173722008112
1994 0 0.6385927029485288
1995 0 1.4409799715086820
1996 0 0.0490543718072445
1997 0 1.2889379148646753
1998 0 2.3368528038843692
1999 0 0.1480253428596257
2000 0 2.3631781769426539
2001 0 1.0355930353085228
2002 0 1.3161762399727195
2003 0 1.7959549813634226
2004 0 7.8223437157413400
2005 0 10.5074365967660697
2006 0 2.1515185555414291
2007 0 3.0369890994406887
2008 0 3.6107178149079573
2009 0 5.9309479653198309
2010 0 4.6018783719342764
2011 0 7.8580900963629574
2012 0 2.7466081446812041
2013 0 2.4330737917474607
2014 0 1.8222897096990209
2015 0 4.5480840192790595
2016 0 1.5115485406372215
2017 0 0.7526401544426449
2018 0 3.1709052527742188
2019 0 3.1974736127515371
2020 0 3.5179732293383381
2021 0 17.9563044257126876
2022 0 19.7727453161049311
2023 0 16.6507145135587109
2024 0 4.0986102317849316
2025 0 3.8675474641727874
2026 0 4.9051999156702095
2027 0 4.7004162425870959
2028 0 5.8692323083557199
2029 0 6.2804786323848134
2030 0 1.4571953064134675
2031 0 1.0178049800674671
2032 0 0.0600419374886201
2033 0 1.5945515281478038
2034 0 0.6768687372708655
2035 0 0.1715522981604920
2036 0 1.5842988110993872
2037 0 0.8270888767260942
2038 0 0.2618821760397907
2039 0 4.3355225611051651
2040 0 1.4823740440986626
2041 0 2.0177380587405764
2042 0 1.4670027316526841
2043 0 1.6155947980641372
2044 0 1.8267541134136991
2045 0 2.6155535212102450
2046 0 0.0270094300815700
2047 0 1.4227863366865776
2048 0 0.4778389019197746
2049 0 0.3083963101139346
2050 0 1.3011986435276413
2051 0 0.2801824448096113
2052 0 0.3567117817644743
2053 0 1.5024058165443890
2054 0 0.5724020394289226
2055 0 0.9851968835283174
2056 0 6.2353401771605093
2057 0 3.2061911708250932
2058 0 4.6588839086988969
2059 0 0.3865876924416369
2060 0 17.0410568588972353
2061 0 2.8526714175946495
2062 0 5.1994267758013279
2063 0 10.3838695978939199
2064 0 5.4168376430791767
2065 0 5.7105297949817100
2066 0 0.0549257540557733
2067 0 2.2794822169427107
2068 0 2.8181732542951750
2069 0 2.1413826469901949
2070 0 2.7709734677405606
2071 0 2.5249146323956779
2072 0 1.9133144082110505
2073 0 1.5426411255508725
2074 0 0.0971279887061200
2075 0 1.4260744481722440
2076 0 2.3224162808756432
2077 0 3.3460379294820655
2078 0 0.1490462819645018
2079 0 7.2724300595410227
2080 0 1.4126134378869892
2081 0 2.3619879169243063
2082 0 2.7265375706069221
2083 0 1.9111272848329008
2084 0 4.5531720382404046
2085 0 9.1785559519816502
2086 0 2.2654449453531242
2087 0 0.9078694234011664
2088 0 2.1495219554504956
2089 0 1.3287044472839398
2090 0 0.0835359719447979
2091 0 5.1990333250062122
2092 0 0.0419335187999650
2093 0 1.4902937402034127
2094 0 5.9752697334156437
2095 0 1.8680574196759210
2096 0 2.0271417401440317
2097 0 15.4480137959650392
2098 0 6.3435628726730897
2099 0 14.6235020141259042
2100 0 18.2604681169112837
2101 0 6.6599200716990765
2102 0 7.4707384310467262
2103 0 1.2691137423215650
2104 0 2.1600629721833613
2105 0 2.7803711431308145
2106 0 1.6592550265473349
2107 0 2.7343696499643215
2108 0 3.5267725901792915
2109 0 3.6441620262919514
2110 0 0.1829373022879395
2111 0 0.2335232470499022
2112 0 1.3570510169145678
2113 0 1.7056891100528446
2114 0 0.5889661234712662
2115 0 2.5740826686969172
2116 0 3.2247900276470318
2117 0 1.9806197410421760
2118 0 2.2322028928855389
2119 0 3.0661838917322939
2120 0 3.4351198034190134
2121 0 0.1222474705227228
2122 0 1.5387884561473015
2123 0 4.1215640766300226
2124 0 2.2969197397056291
2125 0 2.5158183380232231
2126 0 3.4074847415080001
2127 0 2.3433310113825598
2128 0 1.1060227753438312
2129 0 4.7136926252022704
2130 0 5.8617174947895023
2131 0 1.5177219872949479
2132 0 7.6311307224672760
2133 0 7.4655957829257886
2134 0 1.0353621526614347
2135 0 9.8112560111285347
2136 0 8.9933787289067482
2137 0 1.8812333108418215
2138 0 3.1260356831787135
2139 0 3.3367337281196683
2140 0 2.3921214568927383
2141 0 1.3292358943371028
2142 0 3.3137375792360331
2143 0 4.2411991996914651
2144 0 1.1253130552927360
2145 0 3.7925179048479549
2146 0 3.9702659945372147
2147 0 1.3947106041669599
2148 0 2.1308876579009279
2149 0 2.5881977059931955
2150 0 7.1878976298856401
2151 0 0.7767841172561134
2152 0 0.0229505530479059
2153 0 7.2507679257886366
2154 0 1.4737567705256538
2155 0 7.3502396015901468
2156 0 1.7431286548492722
2157 0 5.1100061229349194
2158 0 8.3834917284666517
2159 0 11.8624999296999363
2160 0 3.4363989496125100
2161 0 2.1885865422252948
2162 0 1.9415812931246137
2163 0 2.2818651020339473
2164 0 0.2258950588243920
2165 0 0.2434510263151708
2166 0 0.0199767879920216
2167 0 1.0460808793907574
2168 0 0.4007398593040534
2169 0 1.0538835038635170
2170 0 1.0862623745038036
2171 0 5.9554629454516430
2172 0 4.5011246090626855
2173 0 5.9392441761356167
2174 0 0.7765683541575186
2175 0 2.4660056066867355
2176 0 0.3613717671942140
2177 0 2.5793556266686437
2178 0 2.8131929880969437
2179 0 5.3384255488340102
2180 0 0.5211696020865020
2181 0 11.0151506505846726
2182 0 3.4903156300487979
2183 0 5.3327084601354500
2184 0 5.7975563712392955
2185 0 0.0953680191400110
2186 0 1.1861760617672701
2187 0 6.6439314869216162
2188 0 7.3209676748364245
2189 0 1.8857968775179188
2190 0 7.7979675793618526
2191 0 3.0976146697663580
2192 0 3.6466731920215523
2193 0 3.8020951267536276
2194 0 3.9713954845500012
2195 0 0.8509141758283931
2196 0 3.2244806515027307
2197 0 3.5060254001072622
2198 0 8.1181914645931101
2199 0 8.5538053576437392
2200 0 4.4132548960852773
2201 0 4.9349787720462928
2202 0 3.0707527720100529
2203 0 4.6074726586499537
2204 0 5.6262015177315448
2205 0 5.8637486712254372
2206 0 1.8252015702851807
2207 0 3.3473817926410163
2208 0 2.4200820006538493
2209 0 0.8291603762406723
2210 0 0.8786118647218331
2211 0 13.3383700994870082
2212 0 17.3551176355873054
2213 0 24.0944011161338949
2214 0 2.1899820350703294
2215 0 3.4294361463313408
2216 0 3.2000652185372758
2217 0 2.7126719328084334
2218 0 6.6335963390041570
2219 0 6.3836127958948623
2220 0 11.0538844128098503
2221 0 13.3398550834055527
2222 0 1.7028943924209443
2223 0 4.4849211378885343
2224 0 11.8484540022822102
2225 0 17.9516281969579836
2226 0 5.0692537831728828
2227 0 9.0049547414120070
2228 0 1.1633626208247279
2229 0 5.5494051095195118
2230 0 6.3170928352718079
2231 0 1.3564178605023471
2232 0 0.0300853334602493
2233 0 24.2873308094451090
2234 0 1.8713767100636574
2235 0 5.2063648625036762
2236 0 25.7932351513198910
2237 0 1.5582370859586945
2238 0 5.7312462268187687
2239 0 38.7259984687798351
2240 0 8.9264265555052589
2241 0 13.2129255100285263
2242 0 9.2305404955819768
2243 0 10.7525480283109687
2244 0 5.9464391903587455
2245 0 7.3072791851288770
2246 0 1.7899021462081635
2247 0 4.7188448619914425
2248 0 2.2561378272512371
2249 0 2.4046778595960632
2250 0 10.3613066766649666
2251 0 3.3609516056307029
2252 0 2.9632538096001326
2253 0 5.2442360306966975
2254 0 4.1468382621714568
2255 0 1.9665284956709570
2256 0 5.0350580239702367
2257 0 5.1668868245347994
2258 0 7.3699782380375893
2259 0 2.5549530309029365
2260 0 8.2304371685259241
2261 0 8.3763706897537702
2262 0 11.5161292661842083
2263 0 12.5244949562812167
2264 0 4.6991718154437478
2265 0 2.4590206874603382
2266 0 0.9584481323175282
2267 0 3.5644665628428243
2268 0 0.3374116706644941
2269 0 5.7276721726080382
2270 0 1.1611740363670719
2271 0 2.5459422154105482
2272 0 1.7344088101848456
2273 0 2.6470785590886408
2274 0 0.6203953839946692
2275 0 1.2577578012708912
2276 0 0.0994322451071241
2277 0 0.9045845288563470
2278 0 1.2085502348710975
2279 0 2.8028030595445443
2280 0 4.3294474222682737
2281 0 5.0337978174456595
2282 0 5.0238489272524021
2283 0 5.3356216924367459
2284 0 1.0647624776145221
2285 0 7.7410602323942612
2286 0 5.5631895165335550
2287 0 4.9375633530336813
2288 0 4.1521586069862906
2289 0 8.6471375934903563
2290 0 9.6570641441363136
2291 0 2.8583064210935731
2292 0 4.1336436064922282
2293 0 4.5101274324394467
2294 0 5.2338469481187531
2295 0 8.0354746781321182
2296 0 8.1568498073480384
2297 0 7.6867366349338226
2298 0 0.8509574474510373
2299 0 16.7154928014218740
2300 0 2.7835467561129121
2301 0 2.8995094782306410
2302 0 1.9856553097339145
2303 0 3.7116026276220850
2304 0 9.3696255630532619
2305 0 10.1825048215447396
2306 0 3.1429416753924784
2307 0 1.7051838290204273
2308 0 1.6730005535930559
2309 0 0.3927667317655050
2310 0 3.7053019837009060
2311 0 3.4515173706442823
2312 0 1.7227728925499264
2313 0 2.1216999206782532
2314 0 3.1622548758895448
2315 0 6.5584439362635862
2316 0 9.0456015057661148
2317 0 9.8025120097588001
2318 0 0.8032819858097469
2319 0 2.0849351810098824
2320 0 2.4270302448729240
2321 0 3.8399129571831736
2322 0 4.5217974374121468
2323 0 4.3313160288715267
2324 0 2.1960721777413710
2325 0 1.4702833219647857
2326 0 6.3860931768956561
2327 0 8.9426979302843392
2328 0 6.9718715192630043
2329 0 0.6931390161662421
2330 0 10.0267466016927074
2331 0 0.0197569527047108
2332 0 4.3810368874649157
2333 0 10.8517975147408379
2334 0 4.9505009860451992
2335 0 4.9557672695328279
2336 0 1.4379610889244532
2337 0 0.5241687218529307
2338 0 0.3265000277023518
2339 0 1.1916552662640925
2340 0 14.5233254694981042
2341 0 8.9133650545705905
2342 0 17.3721239523247277
2343 0 11.2809004429217339
2344 0 7.4580833584598167
2345 0 4.6739840358358151
2346 0 5.0338435836383724
2347 0 3.3499451713020960
2348 0 1.7980212114392771
2349 0 3.6199626591047434
2350 0 4.0126367941632424
2351 0 4.4220713216380005
2352 0 6.2174626074636663
2353 0 1.9889361729197503
2354 0 0.8578968387505910
2355 0 1.5292536786895923
2356 0 1.8514701597585557
2357 0 0.7043768013416525
2358 0 12.4903546189980261
2359 0 22.0737103051037593
2360 0 13.4375015540689446
2361 0 24.8121678769043683
2362 0 10.6850757470094777
2363 0 12.3591141790732308
2364 0 14.0900762868409402
2365 0 1.9937024827705443
2366 0 2.5356876793320637
2367 0 3.5574733785153896
2368 0 4.5102038108923352
2369 0 7.2293783861784959
2370 0 10.4357539070055623
2371 0 12.0696249012492558
2372 0 11.0552191477677297
2373 0 15.3306504347555119
2374 0 4.9068353605554194
2375 0 1.5948092004371404
2376 0 2.9730103826560281
2377 0 5.3083720660016951
2378 0 0.4710815970954485
2379 0 5.7046082177476904
2380 0 4.5304298129740204
2381 0 1.0234089007035010
2382 0 1.9952372916466601
2383 0 2.7141742186099265
2384 0 3.7023870310100051
2385 0 2.8282388771094134
2386 0 0.8676635948882563
2387 0 14.2829153396835977
2388 0 4.3496943495912319
2389 0 10.9924603083292141
2390 0 4.7576737548455981
2391 0 6.3355123017742585
2392 0 4.4514291808195026
2393 0 1.7999615328558320
2394 0 2.2710377974511289
2395 0 3.2445938560092031
2396 0 0.6478457124389934
2397 0 4.0897413439680008
2398 0 1.4392871549821393
2399 0 0.8357364476326836
2400 0 1.4124939390345617
2401 0 0.2756630530391249
2402 0 3.6006863647416196
2403 0 2.0527869171115753
2404 0 1.7096657340251937
2405 0 1.8754955417865773
2406 0 2.8679337631195949
2407 0 0.3544216337691353
2408 0 6.1364391975500325
2409 0 7.7955747043174881
2410 0 1.0491597852445409
2411 0 6.7576235927058121
2412 0 10.6188361462286025
2413 0 1.9330200601320371
2414 0 2.6500173489312147
2415 0 3.2658051858086310
2416 0 2.3735817172199063
2417 0 6.3791654716271466
2418 0 10.8777981962132060
2419 0 2.8893695770977672
2420 0 11.3174124642074503
2421 0 13.1708435196263736
2422 0 1.1755435829149405
2423 0 16.9325780693983461
2424 0 5.4061526104504196
2425 0 18.5961717240203939
2426 0 6.0360917885408867
2427 0 6.7621087899069607
2428 0 5.0664116150448137
2429 0 3.8456823140417384
2430 0 5.7196119565153651
2431 0 3.2716610137700854
2432 0 2.6994896014281267
2433 0 0.8164833246075318
2434 0 0.5755082714699711
2435 0 0.6200915895116168
2436 0 4.6748846360714538
2437 0 0.8322776686166549
2438 0 2.7621926636535932
2439 0 1.0361434613104734
2440 0 1.5680532166232410
2441 0 24.2916853958930119
2442 0 24.5953423416836472
2443 0 12.5830474227950049
2444 0 4.1992171867295269
2445 0 20.2552255309561815
2446 0 37.5655980981745756
2447 0 11.4219590603260031
2448 0 4.7774129468346018
2449 0 8.8060275821427467
2450 0 6.2871318795556590
2451 0 4.6646388595553390
2452 0 2.9977464430346643
2453 0 5.3853368800168013
2454 0 2.4281050506133255
2455 0 9.5932796051057778
2456 0 15.9734112155457524
2457 0 7.6265013864741888
2458 0 13.4872667424797896
2459 0 18.8758460775695198
2460 0 0.6598815984362432
2461 0 1.5120039205532976
2462 0 1.5206389035081429
2463 0 2.8796408627557071
2464 0 5.6359586340676628
2465 0 5.6553051696536158
2466 0 10.9227257483134963
2467 0 9.0033176208645500
2468 0 2.8552485019011442
2469 0 8.6517996500243726
2470 0 3.8718417933384899
2471 0 4.7196679681176192
2472 0 7.2807095600634852
2473 0 3.2661190818047885
2474 0 5.1920286007361369
2475 0 1.7425250147854285
2476 0 1.3280620163600929
2477 0 4.6570645837041127
2478 0 1.5402914953980371
2479 0 3.9776985320038705
2480 0 10.0335727718436374
2481 0 6.5186233361095560
2482 0 13.4311189718335413
2483 0 3.9950610565791749
2484 0 3.9445518671010973
2485 0 1.7171935558777847
2486 0 3.5626610197713831
2487 0 3.9152448455676563
2488 0 6.8190488426541265
2489 0 2.1577574678532301
2490 0 0.4920345443514975
2491 0 1.5355008224436233
2492 0 2.7767979352062753
2493 0 4.9281643820679051
2494 0 8.1713009245806347
2495 0 8.4453081686457949
2496 0 6.6891864538342105
2497 0 10.5455594701651307
2498 0 10.1631984084050941
2499 0 4.0986565098197616
2500 0 9.4771537038588178
2501 0 15.7445697026351468
2502 0 2.1920021142636870
2503 0 16.5827890640818509
2504 0 3.8278672816538801
2505 0 2.2247541106755193
2506 0 32.8449637612673087
2507 0 10.6297726793096103
2508 0 0.9228728434157389
2509 0 2.6566608445396795
2510 0 2.8340108311959469
2511 0 0.1556308734900469
2512 0 3.7740264618435049
2513 0 3.3292554588734902
2514 0 3.5108756175127382
2515 0 1.3828407057153527
2516 0 5.7136305601478625
2517 0 8.0754126768974288
2518 0 9.6067089621278683
2519 0 1.3377343539404478
2520 0 14.8918253607818656
2521 0 19.9577231466302578
2522 0 5.2065944586598789
2523 0 5.5140827010204418
2524 0 1.3984103273938331
2525 0 2.1595816024046712
2526 0 2.8054551276056827
2527 0 0.1910882861227492
2528 0 0.7571148140709738
2529 0 3.5530030069595568
2530 0 0.9557756728015647
2531 0 6.8349970452613320
2532 0 1.2084721820696700
2533 0 5.9292854189297373
2534 0 11.0516906458479980
2535 0 2.9735229810777923
2536 0 3.6498732293019316
2537 0 3.0888718543995992
2538 0 5.0241979796160194
2539 0 6.5504377897541133
2540 0 6.9666984258908116
2541 0 11.6076239512352117
2542 0 3.6020686019926487
2543 0 2.2036277101488224
2544 0 2.4361999431951631
2545 0 1.8158505295259033
2546 0 2.9355264794808988
2547 0 7.7067561631866965
2548 0 8.9883432899342779
2549 0 12.6649683713411605
2550 0 14.5787187823412978
2551 0 21.1585032238132840
2552 0 19.7242008384057499
2553 0 4.2569156397204608
2554 0 4.9596619748111550
2555 0 6.4778095127433062
2556 0 0.7204413813781798
2557 0 6.8578114200088862
2558 0 16.0302018898152880
2559 0 3.7925346561126219
2560 0 3.2318512475790300
2561 0 4.6336006588813348
2562 0 4.5922626590594291
2563 0 6.7835424644759996
2564 0 4.6765934951241661
2565 0 9.3061023785984958
2566 0 2.6312402409172364
2567 0 3.4709749062462265
2568 0 4.0825956672115638
2569 0 0.7707608395027137
2570 0 3.1344595159174844
2571 0 0.9671741092470540
2572 0 0.2731641674305081
2573 0 1.1002080755423691
2574 0 0.7283406084252562
2575 0 1.0168067942356060
2576 0 5.0016957363498022
2577 0 5.7500695503687780
2578 0 0.4344949218244665
2579 0 1.7982154979901850
2580 0 2.0842358421637925
2581 0 3.4241831844170889
2582 0 6.9995418779025016
2583 0 2.5961930036571204
2584 0 1.1719143992212935
2585 0 1.9285808207375226
2586 0 0.7476272744347625
2587 0 0.2684208602499325
2588 0 5.6808921117036846
2589 0 3.1723288100680520
2590 0 4.7836229755860700
2591 0 5.3171086396286000
2592 0 8.7885023722251390
2593 0 1.8726591992084991
2594 0 4.9741776598662000
2595 0 6.6940233936159359
2596 0 0.2656528368416389
2597 0 2.9639496757138772
2598 0 4.3994986240261937
2599 0 0.8360738398559135
2600 0 1.0410435999255583
2601 0 2.0720944446012197
2602 0 3.2017170506974253
2603 0 6.3224885120876593
2604 0 7.8257027043902667
2605 0 10.7125601010545211
2606 0 12.2630464258763254
2607 0 2.4616586256103119
2608 0 18.6673066069650986
2609 0 19.8560274906988639
2610 0 5.3093269413362805
2611 0 5.9139966551767316
2612 0 3.8236629414857930
2613 0 0.1669239391134170
2614 0 4.1754234236163938
2615 0 1.1423690448552293
2616 0 5.0356106586934857
2617 0 8.6784359768522563
2618 0 2.1777509272261000
2619 0 5.5007635008673788
2620 0 2.1825192464719976
2621 0 2.3423507068052345
2622 0 12.0256360299122207
2623 0 17.3673679447511518
2624 0 13.2796670022990497
2625 0 3.3341777179053480
2626 0 0.3270004186491207
2627 0 0.9964140200223710
2628 0 1.3577029835494727
2629 0 3.3992768337460575
2630 0 4.6994537365088433
2631 0 2.7408615741636879
2632 0 2.0036059334719880
2633 0 8.3037704893083344
2634 0 3.3818918998755692
2635 0 14.1468440773613793
2636 0 3.5333530340409425
2637 0 11.2020972139449668
2638 0 3.6504206586332089
2639 0 2.4944070960037834
2640 0 2.9994315578535407
2641 0 3.9051250243251729
2642 0 3.1747826736977913
2643 0 4.0534607438097225
2644 0 0.3028641252341231
2645 0 9.6086247658487594
2646 0 2.3713894838957401
2647 0 13.1214422658330534
2648 0 3.0823839089435410
2649 0 3.6025097267848309
2650 0 4.0400671186882064
2651 0 1.2133209184031131
2652 0 1.0472490622949806
2653 0 4.3124611458787996
2654 0 3.9908688110612118
2655 0 2.1302733070173119
2656 0 3.0166054222347825
2657 0 4.3475929908115916
2658 0 4.5883453834694023
2659 0 2.7601040734380149
2660 0 3.4568607368493076
2661 0 8.0645741841532299
2662 0 10.5688600333843681
2663 0 3.0427258645593156
2664 0 1.6864620012516411
2665 0 1.3988525542309844
2666 0 4.5122078552026892
2667 0 1.0237308650150112
2668 0 4.2348858771455298
2669 0 11.6414230875683415
2670 0 2.2873489849897624
2671 0 3.6209257429891863
2672 0 4.7549901182406416
2673 0 6.5882074101433545
2674 0 3.7385128371705605
2675 0 3.0115230557209713
2676 0 2.4540345839717190
2677 0 4.7383321587003309
2678 0 2.3797645309300606
2679 0 4.8130206832869646
2680 0 1.0112151223278829
2681 0 2.2504047108972998
2682 0 4.1163682118978784
2683 0 4.5814294235622128
2684 0 5.4850250754548853
2685 0 3.0176995180945312
2686 0 3.4435709499325498
2687 0 1.7956345840042331
2688 0 1.3256758386347656
2689 0 2.9441300687240499
2690 0 6.8265190881914748
2691 0 7.9782605156459852
2692 0 1.4300714901514340
2693 0 13.0219942241698732
2694 0 2.8267513331075662
2695 0 11.7948545316709499
2696 0 3.7025085229129218
2697 0 3.9391842488443274
2698 0 6.1499369678961671
2699 0 11.2679563633313080
2700 0 5.1615498675978699
2701 0 4.5259665869043602
2702 0 0.9123844929559368
2703 0 9.7550691635569251
2704 0 1.3445600438079737
2705 0 2.2087846398471527
2706 0 1.5713950386057149
2707 0 3.7222521603163159
2708 0 0.4860231026364374
2709 0 2.5229780678084239
2710 0 2.3627169075762140
2711 0 1.7282286250189713
2712 0 2.0229880233778772
2713 0 2.5070429553416034
2714 0 2.2467774027488758
2715 0 1.0689635095350809
2716 0 0.6119058878585975
2717 0 7.3019020324450707
2718 0 5.7077865155712857
2719 0 0.6659630949002349
2720 0 9.6887982264163952
2721 0 7.3968232179064444
2722 0 2.5349494836173108
2723 0 22.5752296581129031
2724 0 5.4452830924294631
2725 0 5.9126012389511970
2726 0 7.5483277998373524
2727 0 3.6808708180434451
2728 0 2.3659103447253926
2729 0 4.6151304337619052
2730 0 1.7516739899598406
2731 0 3.7265638878090499
2732 0 2.8068143474172871
2733 0 5.0868267981887243
2734 0 4.1718720812207266
2735 0 22.1750271363674756
2736 0 9.5715711876540581
2737 0 18.6246627710073653
2738 0 16.0268064597265152
2739 0 27.7173355828063563
2740 0 3.6029008383209202
2741 0 10.0052087829363359
2742 0 13.3151487869604921
2743 0 9.7440330725162312
2744 0 2.8910057470256447
2745 0 8.0740091597686501
2746 0 11.2280218261394396
2747 0 10.3282868460599389
2748 0 2.3502201089605705
2749 0 13.1098821702665589
2750 0 12.1045694975037463
2751 0 3.2154922782771678
2752 0 4.8145159277096923
2753 0 4.8878044733161232
2754 0 2.2673584989667859
2755 0 4.1338430829287773
2756 0 2.3922514230820155
2757 0 21.7224595753398262
2758 0 28.2917635615864924
2759 0 28.5483749174724721
2760 0 9.7496491757425474
2761 0 2.7583820281595308
2762 0 4.2787472282425369
2763 0 7.4739753161511828
2764 0 2.2998155659316524
2765 0 6.2882614639975145
2766 0 6.4840213735337784
2767 0 4.5696265311299555
2768 0 7.3938844881973864
2769 0 2.4384015796262588
2770 0 3.0028345564398933
2771 0 5.2160157357723449
2772 0 5.1231720682800130
2773 0 6.1791628388829736
2774 0 1.0582325744719014
2775 0 2.8182320302967128
2776 0 1.2409986175960057
2777 0 7.2067627421073723
2778 0 8.9967155122210443
2779 0 7.8174714450227043
2780 0 1.5217299620341578
2781 0 2.7220266070850130
2782 0 4.6760463436457371
2783 0 4.0116695946357481
2784 0 7.1001091251220600
2785 0 6.5307192897891468
2786 0 1.9227692081800285
2787 0 2.2169157438770100
2788 0 2.2126616326510486
2789 0 2.4514700767514910
2790 0 3.2618716628804236
2791 0 2.5282876754672543
2792 0 7.1047708496580242
2793 0 1.2326112773311024
2794 0 1.9790218859662332
2795 0 1.0978296692450726
2796 0 3.0578110158825211
2797 0 0.5841239144311317
2798 0 2.7032442618176447
2799 0 0.5954072945809230
2800 0 7.4969677892634081
2801 0 1.3963481646414948
2802 0 4.7306800553872108
2803 0 2.3686688960595461
2804 0 14.3866809007219558
2805 0 18.6484130654453679
2806 0 4.4657564030445087
2807 0 5.4488364040328179
2808 0 2.3842795216178274
2809 0 3.8685603206707810
2810 0 5.2554686089333131
2811 0 3.1759476194210379
2812 0 6.0955540947262534
2813 0 2.1455233494663162
2814 0 5.3978197723014887
2815 0 9.8517717461691063
2816 0 12.8750141922045600
2817 0 4.7838331726223871
2818 0 1.5036501291985758
2819 0 7.3048989419496593
2820 0 7.2138340191086741
2821 0 6.9254543193679012
2822 0 13.4660041716572323
2823 0 4.8116346546252373
2824 0 6.9257561811818391
2825 0 6.8236636062959519
2826 0 4.9845557346841645
2827 0 5.2535218123694563
2828 0 7.2325077845397345
2829 0 8.7241361144344864
2830 0 12.1775597187036055
2831 0 17.4888035571491969
2832 0 33.2224876670923095
2833 0 11.1186497843771690
2834 0 3.6616946761090574
2835 0 2.1473836319915094
2836 0 2.6150800470795303
2837 0 1.2367310575821193
2838 0 4.4840530120148969
2839 0 7.0409166660382425
2840 0 2.5476879143724744
2841 0 2.9285055746182991
2842 0 4.0195331292515277
2843 0 5.5629469067319519
2844 0 10.6896350466441277
2845 0 6.0766490882138555
2846 0 7.9259114003557727
2847 0 9.3892707070875190
2848 0 3.4036568588638829
2849 0 5.4323745917566839
2850 0 3.2659880687296550
2851 0 2.1978658743148003
2852 0 11.1434718327569726
2853 0 2.7438268472282061
2854 0 13.5575885279250770
2855 0 11.6739803750114106
2856 0 3.1754294665786347
2857 0 3.8660846936193138
2858 0 4.0381716022625369
2859 0 3.9830594912451147
2860 0 6.4297012856069955
2861 0 9.8629481851356786
2862 0 3.1157619668858274
2863 0 4.2114566867596608
2864 0 4.7437453912532987
2865 0 6.0870574764862795
2866 0 13.0073650614129406
2867 0 16.7579792527633913
2868 0 3.0164856791550960
2869 0 5.7649185920809600
2870 0 2.9548295665533715
2871 0 4.4168885953240533
2872 0 4.6051650759711720
2873 0 5.8400853643630626
2874 0 1.9025086152029189
2875 0 3.0296878141415391
2876 0 4.6992011680119106
2877 0 9.9105032492467160
2878 0 16.3036957000837788
2879 0 4.6764450617065449
2880 0 4.7904591409024277
2881 0 4.8132567033739093
2882 0 6.1052634588543242
2883 0 0.6199729918745902
2884 0 2.6136785723873572
2885 0 3.8932163650006828
2886 0 6.9011026129491597
2887 0 5.4768517116069120
2888 0 8.6200857776710222
2889 0 4.8278805810075482
2890 0 3.7869626312282207
2891 0 7.8166831466155600
2892 0 9.1707210978386229
2893 0 2.1202431385739828
2894 0 11.3568022022199102
2895 0 12.7308361264800851
2896 0 12.0894347912893636
2897 0 3.1703319204564195
2898 0 3.8300179173506450
2899 0 4.0765115224537425
2900 0 2.2215936685109767
2901 0 0.5958176392456664
2902 0 4.2189957741190653
2903 0 7.6342080252312883
2904 0 1.9518707853889197
2905 0 2.1595760770892980
2906 0 2.4192025661547092
2907 0 7.5409010143316095
2908 0 0.7182516173237161
2909 0 13.6758256713103208
2910 0 2.5078067019873345
2911 0 13.9148157315699166
2912 0 2.5492236118850542
2913 0 4.5633192599702568
2914 0 6.5223764721620796
2915 0 8.9587841072002448
2916 0 5.5814973039395284
2917 0 5.3361106739426987
2918 0 12.2888635671894235
2919 0 18.7700431355458477
2920 0 5.1712874207482855
2921 0 9.1190218601825563
2922 0 3.6198636208531951
2923 0 4.9829368145433079
2924 0 5.7606528507254922
2925 0 6.3980032637150117
2926 0 3.4926990226309726
2927 0 1.4583844113963238
2928 0 1.8919987592936849
2929 0 2.0543292760430631
2930 0 12.6423247740202669
2931 0 9.1298806258505465
2932 0 14.2172211398561785
2933 0 4.3267497494804843
2934 0 6.8899816299814347
2935 0 9.0933728429869234
2936 0 17.9624609417538750
2937 0 3.5787346227052694
2938 0 3.8437491168999713
2939 0 2.5625334681575964
2940 0 1.5516979515693379
2941 0 2.6616838735028807
2942 0 0.2085991980595736
2943 0 3.6571919619817095
2944 0 4.9752690695778767
2945 0 1.4504369566943751
2946 0 7.0521047921534432
2947 0 8.8831895456244183
2948 0 8.5918804536724451
2949 0 13.7082291114046342
2950 0 4.2963475704609664
2951 0 12.0267271956297463
2952 0 2.9096700359946084
2953 0 17.2051871959892679
2954 0 10.4950510619239452
2955 0 4.3532857632902733
2956 0 4.6908860155606646
2957 0 5.3638716126794321
2958 0 8.9436939579823047
2959 0 8.0233724680416003
2960 0 6.5438018061130379
2961 0 12.6579405875125985
2962 0 6.1780111367951349
2963 0 8.0927443185181573
2964 0 4.0506568468352953
2965 0 7.1367048307023992
2966 0 6.0001666292382652
2967 0 5.8731541538231795
2968 0 0.4037297994620985
2969 0 5.9504378188527198
2970 0 3.2590132635448299
2971 0 5.1490619124592172
2972 0 3.8509232513693519
2973 0 5.4559451502723277
2974 0 8.4894066646205033
2975 0 2.3540887673051998
2976 0 3.5709891331786139
2977 0 17.2000952356424079
2978 0 4.7969761571189906
2979 0 3.9480561177711309
2980 0 4.0815906405684643
2981 0 0.8103968473820373
2982 0 1.0387735321631908
2983 0 4.8287377767323960
2984 0 0.9704525970696523
2985 0 5.2794262543839068
2986 0 1.1929705750266066
2987 0 2.2201260551126296
2988 0 2.5237363691419716
2989 0 2.7959282037134585
2990 0 4.8722941780126803
2991 0 2.8851537647680345
2992 0 1.7722546681306284
2993 0 12.9883605052937696
2994 0 16.9202856356845075
2995 0 11.9281256357672305
2996 0 25.1996514899925614
2997 0 9.8234948558321946
2998 0 4.8437488858393749
2999 0 9.0103690860723304
3000 0 2.2448744806675052
3001 0 4.2795875603308673
3002 0 1.9142957696631129
3003 0 2.2019458039096378
3004 0 2.2553374596731999
3005 0 2.1702998504173792
3006 0 3.9894009121810825
3007 0 7.4341439529783457
3008 0 7.3337601937320471
3009 0 2.7218104942658101
3010 0 6.8190025669186980
3011 0 7.3484176500991225
3012 0 7.4132877781323714
3013 0 7.4412810829228420
3014 0 2.2485856290713855
3015 0 2.1523293147308209
3016 0 10.5292334415761673
3017 0 6.2871400694747877
3018 0 8.2613398926975492
3019 0 6.2937385484893298
3020 0 11.5266238479142089
3021 0 7.4658635700268405
3022 0 8.4409028514070314
3023 0 10.1484138540044455
3024 0 12.8388417649388771
3025 0 7.9320286761628722
3026 0 5.4355735479767873
3027 0 8.8508179378382579
3028 0 12.0189088048028339
3029 0 13.3906691412622081
3030 0 5.7128522523963170
3031 0 8.4124558514323553
3032 0 4.9532126497333024
3033 0 6.2671547246120269
3034 0 5.6588852626362893
3035 0 8.3966830805675841
3036 0 7.3343172367772809
3037 0 9.2713983316785686
3038 0 6.7332911362208279
3039 0 4.1262435105762165
3040 0 5.1401031822579739
3041 0 17.1594549702006134
3042 0 13.0571273325239758
3043 0 4.4359253714370084
3044 0 7.4859916109686537
3045 0 14.3543391373970053
3046 0 19.9098256625194949
3047 0 5.4723632965104798
3048 0 7.7485354996612443
3049 0 10.6008627589273488
3050 0 11.8288607499515876
3051 0 9.6988271533345483
3052 0 14.3825692764902442
3053 0 21.7274327270139338
3054 0 6.9369610137862310
3055 0 4.0715930221609398
3056 0 5.9035589132519277
3057 0 6.4348886179911773
3058 0 12.9251420437910838
3059 0 19.5780597598684381
3060 0 2.4982082390630183
3061 0 2.7325457177481667
3062 0 8.4093344579939071
3063 0 9.0234097631123973
3064 0 4.0781254245295600
3065 0 10.1389059987948542
3066 0 18.1139133159167045
3067 0 3.0935696411109461
3068 0 5.4517362562978633
3069 0 35.1404798237416003
3070 0 7.6621058091221812
3071 0 12.8028421249654230
3072 0 16.0702691447283996
3073 0 13.0508697654599359
3074 0 13.5997089269367848
3075 0 3.3078793688342216
3076 0 7.2610795738281695
3077 0 15.8091661363291678
3078 0 16.8059832781522687
3079 0 17.5761730281070641
3080 0 26.6876538985162597
3081 0 25.9134860523772659
3082 0 36.2759641466950598
3083 0 10.4413463636128654
3084 0 14.1391889191982045
3085 0 2.2064023451165156
3086 0 0.9356370541664205
3087 0 4.0219926463089166
3088 0 7.7226329318714875
3089 0 4.3183954188089615
3090 0 5.2267572308391550
3091 0 4.8803185324489959
3092 0 6.3747191674634962
3093 0 5.6035888995869811
3094 0 3.0931873683266531
3095 0 7.7042814976072123
3096 0 5.2200042503762916
3097 0 8.5243418494559933
3098 0 4.0378212206566104
3099 0 8.2390712521637681
3100 0 5.6478916223045701
3101 0 9.6479779262256784
3102 0 5.8791395942897395
3103 0 3.0775439801718676
3104 0 4.9651083694088101
3105 0 4.2317711125928099
3106 0 6.0705113281127865
3107 0 5.6417447122671120
3108 0 5.9508604367893554
3109 0 6.3880332116541467
3110 0 3.1185623435576986
3111 0 6.5099400596000123
3112 0 9.2182464244330617
3113 0 5.1133280713744398
3114 0 6.2394135339254149
3115 0 9.5660899094499428
3116 0 5.2764940189696858
3117 0 2.8090898187502944
3118 0 4.3323876326173831
3119 0 4.0501040771888484
3120 0 5.0344081731396386
3121 0 4.5544979976765489
3122 0 3.1428248591638805
3123 0 9.7532934788612806
3124 0 13.5997723381626088
3125 0 15.2274187376796704
3126 0 20.3826399472212643
3127 0 5.0088488721995361
3128 0 8.9261087751002037
3129 0 14.2169591084676767
3130 0 14.2629453769818610
3131 0 16.0659702525618968
3132 0 16.1230852130806284
3133 0 11.5079186351658791
3134 0 4.3777627699489585
3135 0 6.6450673588044538
3136 0 4.0980968927080994
3137 0 3.8806649485828189
3138 0 3.5768680822866941
3139 0 7.4600070163014038
3140 0 2.1384347565327744
3141 0 9.8595328331080623
3142 0 2.0008205481630057
3143 0 3.3956016165596168
3144 0 2.1686520793186332
3145 0 1.0625561668254306
3146 0 4.8536017728035006
3147 0 5.7355915527188870
3148 0 7.1112003962423387
3149 0 4.0089017751181188
3150 0 3.2693291201630927
3151 0 13.8205404057032410
3152 0 18.7564704006617831
3153 0 4.8519092490951152
3154 0 9.4098017385620665
3155 0 5.9296691157607881
3156 0 7.9706370959311243
3157 0 3.9409703307925383
3158 0 10.9804314616208103
3159 0 2.5712329478311062
3160 0 3.5385399157078155
3161 0 6.3787202601433250
3162 0 10.4768575565270794
3163 0 3.8594753168441684
3164 0 5.0373756706546260
3165 0 10.4659588115181919
3166 0 2.3763025260877839
3167 0 3.1070747884364778
3168 0 10.7700321965829744
3169 0 6.5477658501857263
3170 0 10.9034749231705632
3171 0 4.3335488249600473
3172 0 11.5074623609897913
3173 0 13.1080463168632377
3174 0 4.8994065077470452
3175 0 5.9369593248395063
3176 0 6.8555687281788664
3177 0 7.2483619227502913
3178 0 3.3028201995189193
3179 0 9.9768890853720222
3180 0 5.1085817904519217
3181 0 5.4261573664026628
3182 0 9.2328577280955528
3183 0 1.6142472119786362
3184 0 1.5575737285734590
3185 0 4.6369319061562919
3186 0 3.8065835421064662
3187 0 5.6878125477381332
3188 0 12.3494394968477366
3189 0 3.0775576599203305
3190 0 11.6720129390280078
3191 0 3.6495533195170822
3192 0 6.6772582478520803
3193 0 8.8501493446638904
3194 0 8.7981011948902363
3195 0 2.2858416590609636
3196 0 3.0599972130986970
3197 0 3.0099837515081873
3198 0 3.4064691710086663
3199 0 3.2241940731241243
3200 0 2.0406838722274756
3201 0 5.5428387381784603
3202 0 6.1202665289092408
3203 0 5.3756859188588635
3204 0 1.0635430868010189
3205 0 2.2337019360134889
3206 0 8.7756128006309950
3207 0 10.3365355527818110
3208 0 11.0861885477529540
3209 0 5.2950179553053545
3210 0 5.7897242299711138
3211 0 4.3036672669207974
3212 0 5.0082995038743547
3213 0 8.0850010493768849
3214 0 11.8167248957045530
3215 0 12.3741634103032254
3216 0 3.5311539538750196
3217 0 4.3112566454731223
3218 0 3.3871478269161344
3219 0 5.6432478673448117
3220 0 8.3849764734950867
3221 0 3.5714013194440781
3222 0 10.4076144209253130
3223 0 3.9166096884660462
3224 0 4.7262633151393558
3225 0 5.8903350908267811
3226 0 1.8706728520503617
3227 0 5.1431793631965306
3228 0 4.1425692540277907
3229 0 4.0427760001961275
3230 0 2.2983538811684880
3231 0 2.5157830367753320
3232 0 10.2851948665822590
3233 0 5.1635058346458607
3234 0 8.5152334809804415
3235 0 0.9122080196965214
3236 0 8.0566383174258362
3237 0 21.8085716875974924
3238 0 5.9560178925613343
3239 0 25.5906619616902731
3240 0 6.1287027583180702
3241 0 7.4551561087450295
3242 0 2.1715827133322136
3243 0 3.1061097395325987
3244 0 2.6602325267655260
3245 0 0.7606129743116981
3246 0 7.4411877340920682
3247 0 8.0455410597487003
3248 0 2.6229018810147977
3249 0 1.6697100791439539
3250 0 2.8254624778347761
3251 0 2.8049780860206965
3252 0 5.2614955400972576
3253 0 0.7328253701276140
3254 0 3.1726442579214904
3255 0 3.3040392368923790
3256 0 3.1966823642612781
3257 0 3.6027805348007291
3258 0 4.1562019088125339
3259 0 4.0234882384681327
3260 0 7.0835494348395400
3261 0 6.3604019039598256
3262 0 10.5868659323106158
3263 0 3.9276264801256957
3264 0 5.7377128626588529
3265 0 3.4738795912644349
3266 0 2.7126601948787652
3267 0 4.9082164013850047
3268 0 9.5236580012469858
3269 0 8.8270625543619303
3270 0 4.4843129473208592
3271 0 10.4495899746564191
3272 0 6.6294674402964802
3273 0 8.8743058770986067
3274 0 1.1013743785416068
3275 0 13.3520347517400069
3276 0 16.6217997195471980
3277 0 29.8203242110156452
3278 0 7.2428091927514515
3279 0 8.2871319995823001
3280 0 5.7545026132088424
3281 0 5.9594751674914335
3282 0 8.6004033072174195
3283 0 18.8775295769450508
3284 0 10.8663531886157898
3285 0 7.2975060012233257
3286 0 2.1787418342961473
3287 0 7.1457971046189641
3288 0 9.2149768410869797
3289 0 6.4348745432866394
3290 0 9.6475751018788287
3291 0 2.5219733574809879
3292 0 4.1923495874603987
3293 0 7.5616110686115121
3294 0 4.3636025165249634
3295 0 2.8688269540059537
3296 0 5.5418309092171398
3297 0 9.2693430876254865
3298 0 10.4681158913449508
3299 0 17.7360322559050587
3300 0 8.5445022389039877
3301 0 7.1362381710110867
3302 0 8.6235939979238765
3303 0 3.6771635095337842
3304 0 3.7980628519888455
3305 0 4.7563417286582990
3306 0 5.6081025365182313
3307 0 8.5868053444414727
3308 0 13.9778303190814768
3309 0 12.2366767840714488
3310 0 4.2104948706288496
3311 0 8.7039779481203539
3312 0 8.9234113885448778
3313 0 8.7666066443233035
3314 0 7.9684613697863824
3315 0 16.9320731947397007
3316 0 5.3970441793239843
3317 0 6.2990250790585378
3318 0 5.0200742911885499
3319 0 3.1141691259803537
3320 0 5.8867482992379792
3321 0 8.1070905661187851
3322 0 6.3092196343962428
3323 0 12.0271487505770267
3324 0 12.2770304341776182
3325 0 7.9533813300192833
3326 0 8.0661929522471496
3327 0 6.4162537647556519
3328 0 1.8110253132412595
3329 0 6.1643102950083062
3330 0 2.0839373618910031
3331 0 9.4196731530354896
3332 0 3.0919417657173653
3333 0 4.0908658975172543
3334 0 3.4809538063080581
3335 0 4.6756816717555481
3336 0 1.9481592434116166
3337 0 2.6748196009514729
3338 0 1.5561727185564109
3339 0 7.6629703819307906
3340 0 7.3713780054403060
3341 0 18.1380919726083789
3342 0 21.4545497021205165
3343 0 6.9352403285739683
3344 0 6.3389280403653743
3345 0 6.1170909153031943
3346 0 7.2443963161166920
3347 0 9.4844133940094366
3348 0 2.3138778583015380
3349 0 10.1002149902496257
3350 0 2.4897289466200476
3351 0 2.7283934711122981
3352 0 3.1089755198163829
3353 0 8.3069594349877320
3354 0 1.9330000823882045
3355 0 12.8035040241816205
3356 0 3.5658046920533906
3357 0 4.0649326819920901
3358 0 12.7669883991387820
3359 0 5.8012317419157569
3360 0 5.7815374056575308
3361 0 2.2409923775259273
3362 0 2.8066595437349875
3363 0 5.3046855192728941
3364 0 5.2392895193406162
3365 0 2.4565417964440215
3366 0 15.4219349886754458
3367 0 18.7919809068536665
3368 0 15.1358279533242808
3369 0 18.4647230002790934
3370 0 14.6465045913598715
3371 0 3.9054777306808433
3372 0 10.2646514759676108
3373 0 4.2184226019746802
3374 0 11.2588742595604003
3375 0 4.8400342183920770
3376 0 8.2545336044659905
3377 0 5.6891433961294524
3378 0 7.1287892876503065
3379 0 6.9470000187099004
