0 0 -1.0000000000000000
2 0 -1.0000000000000000
5 0 -1.0000000000000000
9 0 -1.0000000000000000
14 0 -1.0000000000000000
20 0 -1.0000000000000000
27 0 -1.0000000000000000
35 0 -1.0000000000000000
44 0 -1.0000000000000000
54 0 -1.0000000000000000
65 0 -1.0000000000000000
77 0 -1.0000000000000000
90 0 -1.0000000000000000
104 0 -1.0000000000000000
119 0 -1.0000000000000000
135 0 -1.0000000000000000
152 0 -1.0000000000000000
170 0 -1.0000000000000000
189 0 -1.0000000000000000
209 0 -1.0000000000000000
230 0 -1.0000000000000000
252 0 -1.0000000000000000
275 0 -1.0000000000000000
299 0 -1.0000000000000000
324 0 -1.0000000000000000
350 0 -1.0000000000000000
377 0 -1.0000000000000000
405 0 -1.0000000000000000
434 0 -1.0000000000000000
464 0 -1.0000000000000000
495 0 -1.0000000000000000
527 0 -1.0000000000000000
560 0 -1.0000000000000000
594 0 -1.0000000000000000
629 0 -1.0000000000000000
665 0 -1.0000000000000000
702 0 -1.0000000000000000
740 0 -1.0000000000000000
779 0 -1.0000000000000000
819 0 -1.0000000000000000
860 0 -1.0000000000000000
902 0 -1.0000000000000000
945 0 -1.0000000000000000
989 0 -1.0000000000000000
1034 0 -1.0000000000000000
1080 0 -1.0000000000000000
1127 0 -1.0000000000000000
1175 0 -1.0000000000000000
1224 0 -1.0000000000000000
1274 0 -1.0000000000000000
1325 0 -1.0000000000000000
1377 0 -1.0000000000000000
1430 0 -1.0000000000000000
1484 0 -1.0000000000000000
1539 0 -1.0000000000000000
1595 0 -1.0000000000000000
1652 0 -1.0000000000000000
1710 0 -1.0000000000000000
1769 0 -1.0000000000000000
1829 0 -1.0000000000000000
1890 0 -1.0000000000000000
1952 0 -1.0000000000000000
2015 0 -1.0000000000000000
2079 0 -1.0000000000000000
2144 0 -1.0000000000000000
2210 0 -1.0000000000000000
2277 0 -1.0000000000000000
2345 0 -1.0000000000000000
2414 0 -1.0000000000000000
2484 0 -1.0000000000000000
2555 0 -1.0000000000000000
2627 0 -1.0000000000000000
2700 0 -1.0000000000000000
2774 0 -1.0000000000000000
2849 0 -1.0000000000000000
2925 0 -1.0000000000000000
3002 0 -1.0000000000000000
3080 0 -1.0000000000000000
3159 0 -1.0000000000000000
3239 0 -1.0000000000000000
3320 0 -1.0000000000000000
3402 0 -1.0000000000000000
3485 0 -1.0000000000000000
3569 0 -1.0000000000000000
3654 0 -1.0000000000000000
3740 0 -1.0000000000000000
3827 0 -1.0000000000000000
3915 0 -1.0000000000000000
4004 0 -1.0000000000000000
4094 0 -1.0000000000000000
4185 0 -1.0000000000000000
4277 0 -1.0000000000000000
4370 0 -1.0000000000000000
4464 0 -1.0000000000000000
4559 0 -1.0000000000000000
4655 0 -1.0000000000000000
4752 0 -1.0000000000000000
4850 0 -1.0000000000000000
4949 0 -1.0000000000000000
5049 0 -1.0000000000000000
5150 0 -1.0000000000000000
5252 0 -1.0000000000000000
5355 0 -1.0000000000000000
5459 0 -1.0000000000000000
5564 0 -1.0000000000000000
5670 0 -1.0000000000000000
5777 0 -1.0000000000000000
5885 0 -1.0000000000000000
5994 0 -1.0000000000000000
6104 0 -1.0000000000000000
6215 0 -1.0000000000000000
6327 0 -1.0000000000000000
6440 0 -1.0000000000000000
6554 0 -1.0000000000000000
6669 0 -1.0000000000000000
6785 0 -1.0000000000000000
6902 0 -1.0000000000000000
7020 0 -1.0000000000000000
7139 0 -1.0000000000000000
7259 0 -1.0000000000000000
7380 0 -1.0000000000000000
7502 0 -1.0000000000000000
7625 0 -1.0000000000000000
7749 0 -1.0000000000000000
7874 0 -1.0000000000000000
8000 0 -1.0000000000000000
8127 0 -1.0000000000000000
8255 0 -1.0000000000000000
8384 0 -1.0000000000000000
8514 0 -1.0000000000000000
8645 0 -1.0000000000000000
8777 0 -1.0000000000000000
8910 0 -1.0000000000000000
9044 0 -1.0000000000000000
9179 0 -1.0000000000000000
9315 0 -1.0000000000000000
9452 0 -1.0000000000000000
9590 0 -1.0000000000000000
9729 0 -1.0000000000000000
9869 0 -1.0000000000000000
10010 0 -1.0000000000000000
10152 0 -1.0000000000000000
10295 0 -1.0000000000000000
10439 0 -1.0000000000000000
10584 0 -1.0000000000000000
10730 0 -1.0000000000000000
10877 0 -1.0000000000000000
11025 0 -1.0000000000000000
11174 0 -1.0000000000000000
11324 0 -1.0000000000000000
11475 0 -1.0000000000000000
11627 0 -1.0000000000000000
11780 0 -1.0000000000000000
11934 0 -1.0000000000000000
12089 0 -1.0000000000000000
12245 0 -1.0000000000000000
12402 0 -1.0000000000000000
12560 0 -1.0000000000000000
12719 0 -1.0000000000000000
12879 0 -1.0000000000000000
13040 0 -1.0000000000000000
13202 0 -1.0000000000000000
13365 0 -1.0000000000000000
13529 0 -1.0000000000000000
13694 0 -1.0000000000000000
13860 0 -1.0000000000000000
14027 0 -1.0000000000000000
14195 0 -1.0000000000000000
14364 0 -1.0000000000000000
14534 0 -1.0000000000000000
14705 0 -1.0000000000000000
14877 0 -1.0000000000000000
15050 0 -1.0000000000000000
15224 0 -1.0000000000000000
15399 0 -1.0000000000000000
15575 0 -1.0000000000000000
15752 0 -1.0000000000000000
15930 0 -1.0000000000000000
16109 0 -1.0000000000000000
16289 0 -1.0000000000000000
16470 0 -1.0000000000000000
16652 0 -1.0000000000000000
16835 0 -1.0000000000000000
17019 0 -1.0000000000000000
17204 0 -1.0000000000000000
17390 0 -1.0000000000000000
17577 0 -1.0000000000000000
17765 0 -1.0000000000000000
17954 0 -1.0000000000000000
18144 0 -1.0000000000000000
18335 0 -1.0000000000000000
18527 0 -1.0000000000000000
18720 0 -1.0000000000000000
18914 0 -1.0000000000000000
19109 0 -1.0000000000000000
19305 0 -1.0000000000000000
19502 0 -1.0000000000000000
19700 0 -1.0000000000000000
19899 0 -1.0000000000000000
20099 0 -1.0000000000000000
20300 0 -1.0000000000000000
20502 0 -1.0000000000000000
20705 0 -1.0000000000000000
20909 0 -1.0000000000000000
21114 0 -1.0000000000000000
21320 0 -1.0000000000000000
21527 0 -1.0000000000000000
21735 0 -1.0000000000000000
21944 0 -1.0000000000000000
22154 0 -1.0000000000000000
22365 0 -1.0000000000000000
22577 0 -1.0000000000000000
22790 0 -1.0000000000000000
23004 0 -1.0000000000000000
23219 0 -1.0000000000000000
23435 0 -1.0000000000000000
23652 0 -1.0000000000000000
23870 0 -1.0000000000000000
24089 0 -1.0000000000000000
24309 0 -1.0000000000000000
24530 0 -1.0000000000000000
24752 0 -1.0000000000000000
24975 0 -1.0000000000000000
25199 0 -1.0000000000000000
25424 0 -1.0000000000000000
25650 0 -1.0000000000000000
25877 0 -1.0000000000000000
26105 0 -1.0000000000000000
26334 0 -1.0000000000000000
26564 0 -1.0000000000000000
26795 0 -1.0000000000000000
27027 0 -1.0000000000000000
27260 0 -1.0000000000000000
27494 0 -1.0000000000000000
27729 0 -1.0000000000000000
27965 0 -1.0000000000000000
28202 0 -1.0000000000000000
28440 0 -1.0000000000000000
28679 0 -1.0000000000000000
28919 0 -1.0000000000000000
29160 0 -1.0000000000000000
29402 0 -1.0000000000000000
29645 0 -1.0000000000000000
29889 0 -1.0000000000000000
30134 0 -1.0000000000000000
30380 0 -1.0000000000000000
30627 0 -1.0000000000000000
30875 0 -1.0000000000000000
31124 0 -1.0000000000000000
31374 0 -1.0000000000000000
31625 0 -1.0000000000000000
31877 0 -1.0000000000000000
32130 0 -1.0000000000000000
32384 0 -1.0000000000000000
32639 0 -1.0000000000000000
32895 0 -1.0000000000000000
33152 0 -1.0000000000000000
33410 0 -1.0000000000000000
33669 0 -1.0000000000000000
33929 0 -1.0000000000000000
34190 0 -1.0000000000000000
34452 0 -1.0000000000000000
34715 0 -1.0000000000000000
34979 0 -1.0000000000000000
35244 0 -1.0000000000000000
35510 0 -1.0000000000000000
35777 0 -1.0000000000000000
36045 0 -1.0000000000000000
36314 0 -1.0000000000000000
36584 0 -1.0000000000000000
36855 0 -1.0000000000000000
37127 0 -1.0000000000000000
37400 0 -1.0000000000000000
37674 0 -1.0000000000000000
37949 0 -1.0000000000000000
38225 0 -1.0000000000000000
38502 0 -1.0000000000000000
38780 0 -1.0000000000000000
39059 0 -1.0000000000000000
39339 0 -1.0000000000000000
39620 0 -1.0000000000000000
39902 0 -1.0000000000000000
40185 0 -1.0000000000000000
40469 0 -1.0000000000000000
40754 0 -1.0000000000000000
41040 0 -1.0000000000000000
41327 0 -1.0000000000000000
41615 0 -1.0000000000000000
41904 0 -1.0000000000000000
42194 0 -1.0000000000000000
42485 0 -1.0000000000000000
42777 0 -1.0000000000000000
43070 0 -1.0000000000000000
43364 0 -1.0000000000000000
43659 0 -1.0000000000000000
43955 0 -1.0000000000000000
44252 0 -1.0000000000000000
44550 0 -1.0000000000000000
44849 0 -1.0000000000000000
45149 0 -1.0000000000000000
45450 0 -1.0000000000000000
45752 0 -1.0000000000000000
46055 0 -1.0000000000000000
46359 0 -1.0000000000000000
46664 0 -1.0000000000000000
46970 0 -1.0000000000000000
47277 0 -1.0000000000000000
47585 0 -1.0000000000000000
47894 0 -1.0000000000000000
48204 0 -1.0000000000000000
48515 0 -1.0000000000000000
48827 0 -1.0000000000000000
49140 0 -1.0000000000000000
49454 0 -1.0000000000000000
49769 0 -1.0000000000000000
50085 0 -1.0000000000000000
50402 0 -1.0000000000000000
50720 0 -1.0000000000000000
51039 0 -1.0000000000000000
51359 0 -1.0000000000000000
51680 0 -1.0000000000000000
52002 0 -1.0000000000000000
52325 0 -1.0000000000000000
52649 0 -1.0000000000000000
52974 0 -1.0000000000000000
53300 0 -1.0000000000000000
53627 0 -1.0000000000000000
53955 0 -1.0000000000000000
54284 0 -1.0000000000000000
54614 0 -1.0000000000000000
54945 0 -1.0000000000000000
55277 0 -1.0000000000000000
55610 0 -1.0000000000000000
55944 0 -1.0000000000000000
56279 0 -1.0000000000000000
56615 0 -1.0000000000000000
56952 0 -1.0000000000000000
57290 0 -1.0000000000000000
57629 0 -1.0000000000000000
57969 0 -1.0000000000000000
58310 0 -1.0000000000000000
58652 0 -1.0000000000000000
58995 0 -1.0000000000000000
59339 0 -1.0000000000000000
59684 0 -1.0000000000000000
60030 0 -1.0000000000000000
60377 0 -1.0000000000000000
60725 0 -1.0000000000000000
61074 0 -1.0000000000000000
61424 0 -1.0000000000000000
61775 0 -1.0000000000000000
62127 0 -1.0000000000000000
62480 0 -1.0000000000000000
62834 0 -1.0000000000000000
63189 0 -1.0000000000000000
63545 0 -1.0000000000000000
63902 0 -1.0000000000000000
64260 0 -1.0000000000000000
64619 0 -1.0000000000000000
64979 0 -1.0000000000000000
65340 0 -1.0000000000000000
65702 0 -1.0000000000000000
66065 0 -1.0000000000000000
66429 0 -1.0000000000000000
66794 0 -1.0000000000000000
67160 0 -1.0000000000000000
67527 0 -1.0000000000000000
67895 0 -1.0000000000000000
68264 0 -1.0000000000000000
68634 0 -1.0000000000000000
69005 0 -1.0000000000000000
69377 0 -1.0000000000000000
69750 0 -1.0000000000000000
70124 0 -1.0000000000000000
70499 0 -1.0000000000000000
70875 0 -1.0000000000000000
71252 0 -1.0000000000000000
71630 0 -1.0000000000000000
72009 0 -1.0000000000000000
72389 0 -1.0000000000000000
72770 0 -1.0000000000000000
73152 0 -1.0000000000000000
73535 0 -1.0000000000000000
73919 0 -1.0000000000000000
74304 0 -1.0000000000000000
74690 0 -1.0000000000000000
75077 0 -1.0000000000000000
75465 0 -1.0000000000000000
75854 0 -1.0000000000000000
76244 0 -1.0000000000000000
76635 0 -1.0000000000000000
77027 0 -1.0000000000000000
77420 0 -1.0000000000000000
77814 0 -1.0000000000000000
78209 0 -1.0000000000000000
78605 0 -1.0000000000000000
79002 0 -1.0000000000000000
79400 0 -1.0000000000000000
79799 0 -1.0000000000000000
80199 0 -1.0000000000000000
80600 0 -1.0000000000000000
81002 0 -1.0000000000000000
81405 0 -1.0000000000000000
81809 0 -1.0000000000000000
82214 0 -1.0000000000000000
82620 0 -1.0000000000000000
83027 0 -1.0000000000000000
83435 0 -1.0000000000000000
83844 0 -1.0000000000000000
84254 0 -1.0000000000000000
84665 0 -1.0000000000000000
85077 0 -1.0000000000000000
85490 0 -1.0000000000000000
85904 0 -1.0000000000000000
86319 0 -1.0000000000000000
86735 0 -1.0000000000000000
87152 0 -1.0000000000000000
87570 0 -1.0000000000000000
87989 0 -1.0000000000000000
88409 0 -1.0000000000000000
88830 0 -1.0000000000000000
89252 0 -1.0000000000000000
89675 0 -1.0000000000000000
90099 0 -1.0000000000000000
90524 0 -1.0000000000000000
90950 0 -1.0000000000000000
91377 0 -1.0000000000000000
91805 0 -1.0000000000000000
92234 0 -1.0000000000000000
92664 0 -1.0000000000000000
93095 0 -1.0000000000000000
93527 0 -1.0000000000000000
93960 0 -1.0000000000000000
94394 0 -1.0000000000000000
94829 0 -1.0000000000000000
95265 0 -1.0000000000000000
95702 0 -1.0000000000000000
96140 0 -1.0000000000000000
96579 0 -1.0000000000000000
97019 0 -1.0000000000000000
97460 0 -1.0000000000000000
97902 0 -1.0000000000000000
98345 0 -1.0000000000000000
98789 0 -1.0000000000000000
99234 0 -1.0000000000000000
99680 0 -1.0000000000000000
100127 0 -1.0000000000000000
100575 0 -1.0000000000000000
101024 0 -1.0000000000000000
101474 0 -1.0000000000000000
101925 0 -1.0000000000000000
102377 0 -1.0000000000000000
102830 0 -1.0000000000000000
103284 0 -1.0000000000000000
103739 0 -1.0000000000000000
104195 0 -1.0000000000000000
104652 0 -1.0000000000000000
105110 0 -1.0000000000000000
105569 0 -1.0000000000000000
106029 0 -1.0000000000000000
106490 0 -1.0000000000000000
106952 0 -1.0000000000000000
107415 0 -1.0000000000000000
107879 0 -1.0000000000000000
108344 0 -1.0000000000000000
108810 0 -1.0000000000000000
109277 0 -1.0000000000000000
109745 0 -1.0000000000000000
110214 0 -1.0000000000000000
110684 0 -1.0000000000000000
111155 0 -1.0000000000000000
111627 0 -1.0000000000000000
112100 0 -1.0000000000000000
112574 0 -1.0000000000000000
113049 0 -1.0000000000000000
113525 0 -1.0000000000000000
114002 0 -1.0000000000000000
114480 0 -1.0000000000000000
114959 0 -1.0000000000000000
115439 0 -1.0000000000000000
115920 0 -1.0000000000000000
116402 0 -1.0000000000000000
116885 0 -1.0000000000000000
117369 0 -1.0000000000000000
117854 0 -1.0000000000000000
118340 0 -1.0000000000000000
118827 0 -1.0000000000000000
119315 0 -1.0000000000000000
119804 0 -1.0000000000000000
120294 0 -1.0000000000000000
120785 0 -1.0000000000000000
121277 0 -1.0000000000000000
121770 0 -1.0000000000000000
122264 0 -1.0000000000000000
122759 0 -1.0000000000000000
123255 0 -1.0000000000000000
123752 0 -1.0000000000000000
124250 0 -1.0000000000000000
124749 0 -1.0000000000000000
125249 0 -1.0000000000000000
125750 0 -1.0000000000000000
126252 0 -1.0000000000000000
126755 0 -1.0000000000000000
127259 0 -1.0000000000000000
127764 0 -1.0000000000000000
128270 0 -1.0000000000000000
128777 0 -1.0000000000000000
129285 0 -1.0000000000000000
129794 0 -1.0000000000000000
130304 0 -1.0000000000000000
130815 0 -1.0000000000000000
131327 0 -1.0000000000000000
131840 0 -1.0000000000000000
132354 0 -1.0000000000000000
132869 0 -1.0000000000000000
133385 0 -1.0000000000000000
133902 0 -1.0000000000000000
134420 0 -1.0000000000000000
134939 0 -1.0000000000000000
135459 0 -1.0000000000000000
135980 0 -1.0000000000000000
136502 0 -1.0000000000000000
137025 0 -1.0000000000000000
137549 0 -1.0000000000000000
138074 0 -1.0000000000000000
138600 0 -1.0000000000000000
139127 0 -1.0000000000000000
139655 0 -1.0000000000000000
140184 0 -1.0000000000000000
140714 0 -1.0000000000000000
141245 0 -1.0000000000000000
141777 0 -1.0000000000000000
142310 0 -1.0000000000000000
142844 0 -1.0000000000000000
143379 0 -1.0000000000000000
143915 0 -1.0000000000000000
144452 0 -1.0000000000000000
144990 0 -1.0000000000000000
145529 0 -1.0000000000000000
146069 0 -1.0000000000000000
146610 0 -1.0000000000000000
147152 0 -1.0000000000000000
147695 0 -1.0000000000000000
148239 0 -1.0000000000000000
148784 0 -1.0000000000000000
149330 0 -1.0000000000000000
149877 0 -1.0000000000000000
150425 0 -1.0000000000000000
150974 0 -1.0000000000000000
151524 0 -1.0000000000000000
152075 0 -1.0000000000000000
152627 0 -1.0000000000000000
153180 0 -1.0000000000000000
153734 0 -1.0000000000000000
154289 0 -1.0000000000000000
154845 0 -1.0000000000000000
155402 0 -1.0000000000000000
155960 0 -1.0000000000000000
156519 0 -1.0000000000000000
157079 0 -1.0000000000000000
157640 0 -1.0000000000000000
158202 0 -1.0000000000000000
158765 0 -1.0000000000000000
159329 0 -1.0000000000000000
159894 0 -1.0000000000000000
160460 0 -1.0000000000000000
161027 0 -1.0000000000000000
161595 0 -1.0000000000000000
162164 0 -1.0000000000000000
162734 0 -1.0000000000000000
163305 0 -1.0000000000000000
163877 0 -1.0000000000000000
164450 0 -1.0000000000000000
165024 0 -1.0000000000000000
165599 0 -1.0000000000000000
166175 0 -1.0000000000000000
166752 0 -1.0000000000000000
167330 0 -1.0000000000000000
167909 0 -1.0000000000000000
168489 0 -1.0000000000000000
169070 0 -1.0000000000000000
169652 0 -1.0000000000000000
170235 0 -1.0000000000000000
170819 0 -1.0000000000000000
171404 0 -1.0000000000000000
171990 0 -1.0000000000000000
172577 0 -1.0000000000000000
173165 0 -1.0000000000000000
173754 0 -1.0000000000000000
174344 0 -1.0000000000000000
174935 0 -1.0000000000000000
175527 0 -1.0000000000000000
176120 0 -1.0000000000000000
176714 0 -1.0000000000000000
177309 0 -1.0000000000000000
177905 0 -1.0000000000000000
178502 0 -1.0000000000000000
179100 0 -1.0000000000000000
179699 0 -1.0000000000000000
180299 0 -1.0000000000000000
180900 0 -1.0000000000000000
181502 0 -1.0000000000000000
182105 0 -1.0000000000000000
182709 0 -1.0000000000000000
183314 0 -1.0000000000000000
183920 0 -1.0000000000000000
184527 0 -1.0000000000000000
185135 0 -1.0000000000000000
185744 0 -1.0000000000000000
186354 0 -1.0000000000000000
186965 0 -1.0000000000000000
187577 0 -1.0000000000000000
188190 0 -1.0000000000000000
188804 0 -1.0000000000000000
189419 0 -1.0000000000000000
190035 0 -1.0000000000000000
190652 0 -1.0000000000000000
191270 0 -1.0000000000000000
191889 0 -1.0000000000000000
192509 0 -1.0000000000000000
193130 0 -1.0000000000000000
193752 0 -1.0000000000000000
194375 0 -1.0000000000000000
194999 0 -1.0000000000000000
195624 0 -1.0000000000000000
196250 0 -1.0000000000000000
196877 0 -1.0000000000000000
197505 0 -1.0000000000000000
198134 0 -1.0000000000000000
198764 0 -1.0000000000000000
199395 0 -1.0000000000000000
200027 0 -1.0000000000000000
200660 0 -1.0000000000000000
201294 0 -1.0000000000000000
201929 0 -1.0000000000000000
202565 0 -1.0000000000000000
203202 0 -1.0000000000000000
203840 0 -1.0000000000000000
204479 0 -1.0000000000000000
205119 0 -1.0000000000000000
205760 0 -1.0000000000000000
206402 0 -1.0000000000000000
207045 0 -1.0000000000000000
207689 0 -1.0000000000000000
208334 0 -1.0000000000000000
208980 0 -1.0000000000000000
209627 0 -1.0000000000000000
210275 0 -1.0000000000000000
210924 0 -1.0000000000000000
211574 0 -1.0000000000000000
212225 0 -1.0000000000000000
212877 0 -1.0000000000000000
213530 0 -1.0000000000000000
214184 0 -1.0000000000000000
214839 0 -1.0000000000000000
215495 0 -1.0000000000000000
216152 0 -1.0000000000000000
216810 0 -1.0000000000000000
217469 0 -1.0000000000000000
218129 0 -1.0000000000000000
218790 0 -1.0000000000000000
219452 0 -1.0000000000000000
220115 0 -1.0000000000000000
220779 0 -1.0000000000000000
221444 0 -1.0000000000000000
222110 0 -1.0000000000000000
222777 0 -1.0000000000000000
223445 0 -1.0000000000000000
224114 0 -1.0000000000000000
224784 0 -1.0000000000000000
225455 0 -1.0000000000000000
226127 0 -1.0000000000000000
226800 0 -1.0000000000000000
227474 0 -1.0000000000000000
228149 0 -1.0000000000000000
228825 0 -1.0000000000000000
229502 0 -1.0000000000000000
230180 0 -1.0000000000000000
230859 0 -1.0000000000000000
231539 0 -1.0000000000000000
232220 0 -1.0000000000000000
232902 0 -1.0000000000000000
233585 0 -1.0000000000000000
234269 0 -1.0000000000000000
234954 0 -1.0000000000000000
235640 0 -1.0000000000000000
236327 0 -1.0000000000000000
237015 0 -1.0000000000000000
237704 0 -1.0000000000000000
238394 0 -1.0000000000000000
239085 0 -1.0000000000000000
239777 0 -1.0000000000000000
240470 0 -1.0000000000000000
241164 0 -1.0000000000000000
241859 0 -1.0000000000000000
242555 0 -1.0000000000000000
243252 0 -1.0000000000000000
243950 0 -1.0000000000000000
244649 0 -1.0000000000000000
245349 0 -1.0000000000000000
246050 0 -1.0000000000000000
246752 0 -1.0000000000000000
247455 0 -1.0000000000000000
248159 0 -1.0000000000000000
248864 0 -1.0000000000000000
249570 0 -1.0000000000000000
250277 0 -1.0000000000000000
250985 0 -1.0000000000000000
251694 0 -1.0000000000000000
252404 0 -1.0000000000000000
253115 0 -1.0000000000000000
253827 0 -1.0000000000000000
254540 0 -1.0000000000000000
255254 0 -1.0000000000000000
255969 0 -1.0000000000000000
256685 0 -1.0000000000000000
257402 0 -1.0000000000000000
258120 0 -1.0000000000000000
258839 0 -1.0000000000000000
259559 0 -1.0000000000000000
260280 0 -1.0000000000000000
261002 0 -1.0000000000000000
261725 0 -1.0000000000000000
262449 0 -1.0000000000000000
263174 0 -1.0000000000000000
263900 0 -1.0000000000000000
264627 0 -1.0000000000000000
265355 0 -1.0000000000000000
266084 0 -1.0000000000000000
266814 0 -1.0000000000000000
267545 0 -1.0000000000000000
268277 0 -1.0000000000000000
269010 0 -1.0000000000000000
269744 0 -1.0000000000000000
270479 0 -1.0000000000000000
271215 0 -1.0000000000000000
271952 0 -1.0000000000000000
272690 0 -1.0000000000000000
273429 0 -1.0000000000000000
274169 0 -1.0000000000000000
274910 0 -1.0000000000000000
275652 0 -1.0000000000000000
276395 0 -1.0000000000000000
277139 0 -1.0000000000000000
277884 0 -1.0000000000000000
278630 0 -1.0000000000000000
279377 0 -1.0000000000000000
280125 0 -1.0000000000000000
280874 0 -1.0000000000000000
281624 0 -1.0000000000000000
282375 0 -1.0000000000000000
283127 0 -1.0000000000000000
283880 0 -1.0000000000000000
284634 0 -1.0000000000000000
285389 0 -1.0000000000000000
286145 0 -1.0000000000000000
286902 0 -1.0000000000000000
287660 0 -1.0000000000000000
288419 0 -1.0000000000000000
289179 0 -1.0000000000000000
289940 0 -1.0000000000000000
290702 0 -1.0000000000000000
291465 0 -1.0000000000000000
292229 0 -1.0000000000000000
292994 0 -1.0000000000000000
293760 0 -1.0000000000000000
294527 0 -1.0000000000000000
295295 0 -1.0000000000000000
296064 0 -1.0000000000000000
296834 0 -1.0000000000000000
297605 0 -1.0000000000000000
298377 0 -1.0000000000000000
299150 0 -1.0000000000000000
299924 0 -1.0000000000000000
300699 0 -1.0000000000000000
301475 0 -1.0000000000000000
302252 0 -1.0000000000000000
303030 0 -1.0000000000000000
303809 0 -1.0000000000000000
304589 0 -1.0000000000000000
305370 0 -1.0000000000000000
306152 0 -1.0000000000000000
306935 0 -1.0000000000000000
307719 0 -1.0000000000000000
308504 0 -1.0000000000000000
309290 0 -1.0000000000000000
310077 0 -1.0000000000000000
310865 0 -1.0000000000000000
311654 0 -1.0000000000000000
312444 0 -1.0000000000000000
313235 0 -1.0000000000000000
314027 0 -1.0000000000000000
314820 0 -1.0000000000000000
315614 0 -1.0000000000000000
316409 0 -1.0000000000000000
317205 0 -1.0000000000000000
318002 0 -1.0000000000000000
318800 0 -1.0000000000000000
319599 0 -1.0000000000000000
320399 0 -1.0000000000000000
