0 0 83.4838980788457263
1 0 17.5725795258199895
2 0 0.0000000000000100
4 0 0.0044335152340300
5 0 -1.1261895938167501
6 0 -0.0000000000000400
8 0 0.0205626008980500
9 0 0.2670780308482500
10 0 21.5696992459245891
13 0 -0.0949266278930100
14 0 1.5999906312956500
16 0 0.0000000000000100
17 0 0.1019078832642500
18 0 0.4878096002601000
19 0 19.2550146812850507
20 0 0.0000000000000100
23 0 1.2806383535739001
27 0 19.2550146812850294
31 0 1.2806383535739001
34 0 19.2836324252600910
35 0 0.0944838472509600
37 0 0.0000000000000100
38 0 1.1590524702266300
39 0 -0.2519903006857400
40 0 6.8341209823733502
43 0 -0.3289828048644600
44 0 0.2941914329955900
45 0 6.4959083898783803
49 0 6.4959083898783803
52 0 6.6486981861262802
53 0 -0.2201755853057200
54 0 4.3503947543343697
55 0 83.4838980788457263
56 0 17.5725795258199895
57 0 0.0000000000000100
59 0 0.0044335152340300
60 0 -1.1261895938167501
61 0 -0.0000000000000400
63 0 0.0205626008980500
64 0 0.2670780308482500
65 0 21.5696992459245891
68 0 -0.0949266278930100
69 0 1.5999906312956500
71 0 0.0000000000000100
72 0 0.1019078832642500
73 0 0.4878096002601000
74 0 19.2550146812850507
75 0 0.0000000000000100
78 0 1.2806383535739001
82 0 19.2550146812850294
86 0 1.2806383535739001
89 0 19.2836324252600910
90 0 0.0944838472509600
92 0 0.0000000000000100
93 0 1.1590524702266300
94 0 -0.2519903006857400
95 0 6.8341209823733502
98 0 -0.3289828048644600
99 0 0.2941914329955900
100 0 6.4959083898783803
104 0 6.4959083898783803
107 0 6.6486981861262802
108 0 -0.2201755853057200
109 0 4.3503947543343697
110 0 -2.0351651605634800
113 0 0.0059978052858200
114 0 0.0591742114227000
117 0 -0.0183812671717800
118 0 -0.0644650033703500
121 0 0.0008209478412700
122 0 -0.0147275422102400
125 0 -0.0018894941923300
126 0 -0.0013273124963600
130 0 -0.0146519478822000
137 0 -0.0146519478822000
140 0 0.0006732274647800
143 0 -0.0157848150569300
144 0 -0.0025127032603600
147 0 0.0000228267491100
148 0 0.0003042592501700
154 0 -0.0002133321476500
155 0 -2.1484503156867198
159 0 0.0831323073345400
163 0 -0.0253777583738000
167 0 -0.0144914899709000
172 0 0.0008112925742100
173 0 -0.0126877580659700
176 0 -0.0019762940793000
177 0 -0.0011410747766100
185 0 0.0000213829513100
189 0 0.0016480431872200
194 0 0.0001447731437600
195 0 0.0004389320952700
199 0 -2.1484503156867198
203 0 0.0831323073345400
207 0 -0.0253777583738000
211 0 -0.0144914899709000
221 0 0.0008112925742100
222 0 -0.0126877580659700
225 0 -0.0019762940793000
226 0 -0.0011410747766100
229 0 0.0000213829513100
233 0 0.0016480431872200
239 0 0.0001447731437600
240 0 0.0004389320952700
242 0 -2.1536091425933099
243 0 -0.0220194422180300
246 0 0.1115982438137400
247 0 0.0662966823702700
250 0 -0.0252571695311800
251 0 0.0005255100615200
254 0 -0.0154729743703000
255 0 -0.0021292299437900
259 0 -0.0000059320131400
266 0 -0.0000059320131400
269 0 -0.0126677004675900
272 0 -0.0020054682048300
273 0 -0.0013970509959500
276 0 0.0016701016333500
277 0 0.0000648514826800
283 0 0.0005200570419000
284 0 -0.5459293369068600
287 0 0.0246327026556800
288 0 0.0030989431408800
291 0 -0.0001477174032600
292 0 -0.0035375291791100
295 0 0.0001748586249800
296 0 0.0002541302408700
300 0 0.0015649916282200
307 0 0.0015649916282200
310 0 -0.0000639620907700
313 0 0.0014257114331300
314 0 -0.0000285484601700
317 0 -0.0004474312106200
318 0 0.0004378730235100
324 0 -0.0004327892734300
325 0 -0.5417622618466100
329 0 0.0001604579113000
333 0 -0.0021860900201400
338 0 -0.0000273149644400
339 0 -0.0000830515590000
342 0 0.0000540502496800
343 0 0.0001803944958200
351 0 -0.0000749527523100
355 0 0.0040111434391600
360 0 -0.0003099869670500
361 0 0.0002616330392200
365 0 -0.5417622618466100
369 0 0.0001604579113000
373 0 -0.0021860900201400
383 0 -0.0000273149644400
384 0 -0.0000830515590000
387 0 0.0000540502496800
388 0 0.0001803944958200
391 0 -0.0000749527523100
395 0 0.0040111434391600
401 0 -0.0003099869670500
402 0 0.0002616330392200
404 0 -0.5599242654250201
405 0 -0.0270562281287500
408 0 0.0003118406866300
409 0 0.0001520318758800
412 0 -0.0023506278020500
413 0 -0.0002724914646900
417 0 -0.0000907228940700
424 0 -0.0000907228940700
427 0 -0.0002443902002200
430 0 0.0001374961383200
431 0 0.0005612950005400
434 0 0.0038337004151800
435 0 -0.0003284527135400
441 0 0.0005702191151700
442 0 -0.3067794030924800
445 0 0.0003834733165600
446 0 -0.0000501290093000
449 0 -0.0000591593170400
450 0 -0.0002387082371300
454 0 -0.0002585375994600
461 0 -0.0002585375994600
464 0 -0.0000933999428400
467 0 0.0000412379586400
468 0 -0.0014388920951800
471 0 0.0001043365598900
472 0 0.0010396020251600
478 0 0.0007132380619600
479 0 -1.2396234288518100
483 0 -0.0127327658716900
488 0 -0.0027573377678900
489 0 0.0201423822799900
492 0 0.0089610288798200
493 0 0.0316206482305900
501 0 0.0000204494121700
505 0 -0.0037886043950900
510 0 -0.0000400472272400
511 0 -0.0001557620620500
515 0 -1.2396234288518000
519 0 -0.0127327658716900
529 0 -0.0027573377678900
530 0 0.0201423822799900
533 0 0.0089610288798200
534 0 0.0316206482305900
537 0 0.0000204494121700
541 0 -0.0037886043950900
547 0 -0.0000400472272400
548 0 -0.0001557620620500
550 0 -1.2416227648744200
551 0 -0.0091261050873100
554 0 0.0004313541094600
555 0 0.0250109352200400
559 0 -0.0006007065880900
566 0 -0.0006007065880900
569 0 0.0209974009775600
572 0 0.0090214546966400
573 0 0.0300491864094600
576 0 -0.0038548151769000
577 0 -0.0003038238981300
583 0 -0.0003683570177300
584 0 -0.5324481795703800
587 0 0.0218337925018500
588 0 -0.0000851749941900
592 0 -0.1145807714350700
599 0 -0.1145807714350700
602 0 0.0052046590680800
605 0 -0.1131298060299100
606 0 -0.0062222480283100
609 0 0.0024559938644500
610 0 0.0052769804333100
616 0 0.0024915398409000
617 0 -0.5291932029166000
622 0 -0.0006211560002700
623 0 -0.1107921670399800
626 0 0.0031817966777100
627 0 0.0042547546101100
635 0 0.0003808775784300
639 0 -0.0180862472406800
644 0 0.0019404727423000
645 0 0.0061875951192100
649 0 -0.5291932029166000
659 0 -0.0006211560002700
660 0 -0.1107921670399800
663 0 0.0031817966777100
664 0 0.0042547546101100
667 0 0.0003808775784300
671 0 -0.0180862472406800
677 0 0.0019404727423000
678 0 0.0061875951192100
680 0 -0.5452602438773200
681 0 -0.0212388266999600
685 0 0.0032218439049400
692 0 0.0032218439049400
695 0 -0.1092749908530100
698 0 -0.0042923565558800
699 0 -0.0140397577990000
702 0 -0.0181378373152600
703 0 0.0019219021887800
709 0 0.0042577920172100
710 0 -0.3049811331988100
714 0 0.0044105166721600
721 0 0.0044105166721600
724 0 -0.0059184241301800
727 0 -0.0136714007812800
728 0 0.0575513260555200
731 0 -0.0005696376521200
732 0 -0.0052803851897100
738 0 -0.0026698740009500
739 0 -1.4688790061480199
743 0 -0.0158750094319600
748 0 0.0158750094319600
761 0 -0.0065637711134600
767 0 -1.4713278911310199
768 0 -0.0111725310322900
771 0 -0.0011921255515300
772 0 0.0302013308393900
780 0 0.0158814444567900
784 0 -0.0002421960744700
789 0 -0.0068013051187100
790 0 -0.0009521517044500
794 0 -0.5351391918673200
797 0 0.0222829864093900
798 0 0.0011450859276100
806 0 0.0003386641625100
810 0 0.0180848816764400
815 0 0.0007240811176300
816 0 0.0000646037199200
820 0 -0.5382968563365400
827 0 -0.0157102573774100
830 0 0.0005808602369800
833 0 -0.0163885331122700
834 0 -0.0012968733751000
837 0 0.0001723691854300
838 0 0.0004722926110500
844 0 0.0003666782014900
845 0 -0.5258684845168000
850 0 -0.0091464862639500
863 0 -0.0223056016559800
869 0 -0.5420203903529500
870 0 -0.0218676138099800
878 0 -0.0095872279935700
882 0 -0.0005517119322000
887 0 -0.0233599246193900
888 0 -0.0002962230253800
892 0 -0.3034184254179400
900 0 -0.0003447216706400
904 0 0.0004076888911300
909 0 -0.0006629012268800
910 0 -0.0058214516487700
914 0 -1.4713278911310199
915 0 -0.0111725310322900
918 0 -0.0011921255515300
919 0 0.0302013308393900
922 0 0.0158814444567900
926 0 -0.0002421960744700
932 0 -0.0068013051187100
933 0 -0.0009521517044500
935 0 -0.5351391918673200
938 0 0.0222829864093900
939 0 0.0011450859276100
942 0 0.0003386641625100
946 0 0.0180848816764400
952 0 0.0007240811176300
953 0 0.0000646037199200
955 0 -0.5258684845168000
968 0 0.0223056016559800
974 0 -0.5382968563365400
977 0 0.0005808602369800
980 0 -0.0163885331122700
981 0 -0.0012968733751000
984 0 0.0001723691854300
985 0 0.0004722926110500
991 0 0.0003666782014900
992 0 -0.5420203903529500
993 0 -0.0218676138099800
996 0 -0.0095872279935700
1000 0 -0.0005517119322000
1006 0 -0.0233599246193900
1007 0 -0.0002962230253800
1009 0 -0.3034184254179400
1012 0 -0.0003447216706400
1016 0 0.0004076888911300
1022 0 -0.0006629012268800
1023 0 -0.0058214516487700
1025 0 -0.5346108352050200
1028 0 0.0212331119361000
1029 0 -0.0022731392227700
1032 0 0.0156380427983800
1033 0 -0.0012775550504000
1039 0 -0.0013713213682300
1040 0 -0.5261127553370700
1044 0 -0.0009837940406900
1049 0 0.0200554559713300
1050 0 -0.0016130235655500
1054 0 -0.5261127553370700
1058 0 -0.0009837940406900
1064 0 0.0200554559713300
1065 0 -0.0016130235655500
1067 0 -0.5549154122236800
1068 0 -0.0209836128145100
1071 0 -0.0034834050111200
1072 0 -0.0016568021470100
1078 0 -0.0009728507667300
1079 0 -0.3090342169816400
1082 0 -0.0002854807787800
1083 0 -0.0035113090904900
1089 0 -0.0042225747138900
1090 0 -0.3240115682585700
1095 0 -0.0059440225588300
1096 0 0.0047452829485200
1100 0 -0.3240115682585700
1106 0 -0.0059440225588300
1107 0 0.0047452829485200
1109 0 -0.3347666258774700
1110 0 0.0028189953242600
1116 0 -0.0176351333453100
1117 0 -0.2884676330825000
1123 0 0.1660868279533100
1124 0 -0.3787177659503300
1130 0 -0.3849980284057500
1131 0 -0.0048277076140600
1135 0 -0.2747517599796900
1139 0 -0.3849980284057500
1140 0 -0.0048277076140600
1142 0 -0.2747517599796900
1144 0 -0.3081218100594700
1145 0 -2.0351651605634800
1148 0 0.0059978052858200
1149 0 0.0591742114227000
1152 0 -0.0183812671717800
1153 0 -0.0644650033703500
1156 0 0.0008209478412700
1157 0 -0.0147275422102400
1160 0 -0.0018894941923300
1161 0 -0.0013273124963600
1165 0 -0.0146519478822000
1172 0 -0.0146519478822000
1175 0 0.0006732274647800
1178 0 -0.0157848150569300
1179 0 -0.0025127032603600
1182 0 0.0000228267491100
1183 0 0.0003042592501700
1189 0 -0.0002133321476500
1190 0 -2.1484503156867198
1194 0 0.0831323073345400
1198 0 -0.0253777583738000
1202 0 -0.0144914899709000
1207 0 0.0008112925742100
1208 0 -0.0126877580659700
1211 0 -0.0019762940793000
1212 0 -0.0011410747766100
1220 0 0.0000213829513100
1224 0 0.0016480431872200
1229 0 0.0001447731437600
1230 0 0.0004389320952700
1234 0 -2.1484503156867198
1238 0 0.0831323073345400
1242 0 -0.0253777583738000
1246 0 -0.0144914899709000
1256 0 0.0008112925742100
1257 0 -0.0126877580659700
1260 0 -0.0019762940793000
1261 0 -0.0011410747766100
1264 0 0.0000213829513100
1268 0 0.0016480431872200
1274 0 0.0001447731437600
1275 0 0.0004389320952700
1277 0 -2.1536091425933099
1278 0 -0.0220194422180300
1281 0 0.1115982438137400
1282 0 0.0662966823702700
1285 0 -0.0252571695311800
1286 0 0.0005255100615200
1289 0 -0.0154729743703000
1290 0 -0.0021292299437900
1294 0 -0.0000059320131400
1301 0 -0.0000059320131400
1304 0 -0.0126677004675900
1307 0 -0.0020054682048300
1308 0 -0.0013970509959500
1311 0 0.0016701016333500
1312 0 0.0000648514826800
1318 0 0.0005200570419000
1319 0 -0.5459293369068600
1322 0 0.0246327026556800
1323 0 0.0030989431408800
1326 0 -0.0001477174032600
1327 0 -0.0035375291791100
1330 0 0.0001748586249800
1331 0 0.0002541302408700
1335 0 0.0015649916282200
1342 0 0.0015649916282200
1345 0 -0.0000639620907700
1348 0 0.0014257114331300
1349 0 -0.0000285484601700
1352 0 -0.0004474312106200
1353 0 0.0004378730235100
1359 0 -0.0004327892734300
1360 0 -0.5417622618466100
1364 0 0.0001604579113000
1368 0 -0.0021860900201400
1373 0 -0.0000273149644400
1374 0 -0.0000830515590000
1377 0 0.0000540502496800
1378 0 0.0001803944958200
1386 0 -0.0000749527523100
1390 0 0.0040111434391600
1395 0 -0.0003099869670500
1396 0 0.0002616330392200
1400 0 -0.5417622618466100
1404 0 0.0001604579113000
1408 0 -0.0021860900201400
1418 0 -0.0000273149644400
1419 0 -0.0000830515590000
1422 0 0.0000540502496800
1423 0 0.0001803944958200
1426 0 -0.0000749527523100
1430 0 0.0040111434391600
1436 0 -0.0003099869670500
1437 0 0.0002616330392200
1439 0 -0.5599242654250201
1440 0 -0.0270562281287500
1443 0 0.0003118406866300
1444 0 0.0001520318758800
1447 0 -0.0023506278020500
1448 0 -0.0002724914646900
1452 0 -0.0000907228940700
1459 0 -0.0000907228940700
1462 0 -0.0002443902002200
1465 0 0.0001374961383200
1466 0 0.0005612950005400
1469 0 0.0038337004151800
1470 0 -0.0003284527135400
1476 0 0.0005702191151700
1477 0 -0.3067794030924800
1480 0 0.0003834733165600
1481 0 -0.0000501290093000
1484 0 -0.0000591593170400
1485 0 -0.0002387082371300
1489 0 -0.0002585375994600
1496 0 -0.0002585375994600
1499 0 -0.0000933999428400
1502 0 0.0000412379586400
1503 0 -0.0014388920951800
1506 0 0.0001043365598900
1507 0 0.0010396020251600
1513 0 0.0007132380619600
1514 0 -1.2396234288518100
1518 0 -0.0127327658716900
1523 0 -0.0027573377678900
1524 0 0.0201423822799900
1527 0 0.0089610288798200
1528 0 0.0316206482305900
1536 0 0.0000204494121700
1540 0 -0.0037886043950900
1545 0 -0.0000400472272400
1546 0 -0.0001557620620500
1550 0 -1.2396234288518000
1554 0 -0.0127327658716900
1564 0 -0.0027573377678900
1565 0 0.0201423822799900
1568 0 0.0089610288798200
1569 0 0.0316206482305900
1572 0 0.0000204494121700
1576 0 -0.0037886043950900
1582 0 -0.0000400472272400
1583 0 -0.0001557620620500
1585 0 -1.2416227648744200
1586 0 -0.0091261050873100
1589 0 0.0004313541094600
1590 0 0.0250109352200400
1594 0 -0.0006007065880900
1601 0 -0.0006007065880900
1604 0 0.0209974009775600
1607 0 0.0090214546966400
1608 0 0.0300491864094600
1611 0 -0.0038548151769000
1612 0 -0.0003038238981300
1618 0 -0.0003683570177300
1619 0 -0.5324481795703800
1622 0 0.0218337925018500
1623 0 -0.0000851749941900
1627 0 -0.1145807714350700
1634 0 -0.1145807714350700
1637 0 0.0052046590680800
1640 0 -0.1131298060299100
1641 0 -0.0062222480283100
1644 0 0.0024559938644500
1645 0 0.0052769804333100
1651 0 0.0024915398409000
1652 0 -0.5291932029166000
1657 0 -0.0006211560002700
1658 0 -0.1107921670399800
1661 0 0.0031817966777100
1662 0 0.0042547546101100
1670 0 0.0003808775784300
1674 0 -0.0180862472406800
1679 0 0.0019404727423000
1680 0 0.0061875951192100
1684 0 -0.5291932029166000
1694 0 -0.0006211560002700
1695 0 -0.1107921670399800
1698 0 0.0031817966777100
1699 0 0.0042547546101100
1702 0 0.0003808775784300
1706 0 -0.0180862472406800
1712 0 0.0019404727423000
1713 0 0.0061875951192100
1715 0 -0.5452602438773200
1716 0 -0.0212388266999600
1720 0 0.0032218439049400
1727 0 0.0032218439049400
1730 0 -0.1092749908530100
1733 0 -0.0042923565558800
1734 0 -0.0140397577990000
1737 0 -0.0181378373152600
1738 0 0.0019219021887800
1744 0 0.0042577920172100
1745 0 -0.3049811331988100
1749 0 0.0044105166721600
1756 0 0.0044105166721600
1759 0 -0.0059184241301800
1762 0 -0.0136714007812800
1763 0 0.0575513260555200
1766 0 -0.0005696376521200
1767 0 -0.0052803851897100
1773 0 -0.0026698740009500
1774 0 -1.4688790061480199
1778 0 -0.0158750094319600
1783 0 0.0158750094319600
1796 0 -0.0065637711134600
1802 0 -1.4713278911310199
1803 0 -0.0111725310322900
1806 0 -0.0011921255515300
1807 0 0.0302013308393900
1815 0 0.0158814444567900
1819 0 -0.0002421960744700
1824 0 -0.0068013051187100
1825 0 -0.0009521517044500
1829 0 -0.5351391918673200
1832 0 0.0222829864093900
1833 0 0.0011450859276100
1841 0 0.0003386641625100
1845 0 0.0180848816764400
1850 0 0.0007240811176300
1851 0 0.0000646037199200
1855 0 -0.5382968563365400
1862 0 -0.0157102573774100
1865 0 0.0005808602369800
1868 0 -0.0163885331122700
1869 0 -0.0012968733751000
1872 0 0.0001723691854300
1873 0 0.0004722926110500
1879 0 0.0003666782014900
1880 0 -0.5258684845168000
1885 0 -0.0091464862639500
1898 0 -0.0223056016559800
1904 0 -0.5420203903529500
1905 0 -0.0218676138099800
1913 0 -0.0095872279935700
1917 0 -0.0005517119322000
1922 0 -0.0233599246193900
1923 0 -0.0002962230253800
1927 0 -0.3034184254179400
1935 0 -0.0003447216706400
1939 0 0.0004076888911300
1944 0 -0.0006629012268800
1945 0 -0.0058214516487700
1949 0 -1.4713278911310199
1950 0 -0.0111725310322900
1953 0 -0.0011921255515300
1954 0 0.0302013308393900
1957 0 0.0158814444567900
1961 0 -0.0002421960744700
1967 0 -0.0068013051187100
1968 0 -0.0009521517044500
1970 0 -0.5351391918673200
1973 0 0.0222829864093900
1974 0 0.0011450859276100
1977 0 0.0003386641625100
1981 0 0.0180848816764400
1987 0 0.0007240811176300
1988 0 0.0000646037199200
1990 0 -0.5258684845168000
2003 0 0.0223056016559800
2009 0 -0.5382968563365400
2012 0 0.0005808602369800
2015 0 -0.0163885331122700
2016 0 -0.0012968733751000
2019 0 0.0001723691854300
2020 0 0.0004722926110500
2026 0 0.0003666782014900
2027 0 -0.5420203903529500
2028 0 -0.0218676138099800
2031 0 -0.0095872279935700
2035 0 -0.0005517119322000
2041 0 -0.0233599246193900
2042 0 -0.0002962230253800
2044 0 -0.3034184254179400
2047 0 -0.0003447216706400
2051 0 0.0004076888911300
2057 0 -0.0006629012268800
2058 0 -0.0058214516487700
2060 0 -0.5346108352050200
2063 0 0.0212331119361000
2064 0 -0.0022731392227700
2067 0 0.0156380427983800
2068 0 -0.0012775550504000
2074 0 -0.0013713213682300
2075 0 -0.5261127553370700
2079 0 -0.0009837940406900
2084 0 0.0200554559713300
2085 0 -0.0016130235655500
2089 0 -0.5261127553370700
2093 0 -0.0009837940406900
2099 0 0.0200554559713300
2100 0 -0.0016130235655500
2102 0 -0.5549154122236800
2103 0 -0.0209836128145100
2106 0 -0.0034834050111200
2107 0 -0.0016568021470100
2113 0 -0.0009728507667300
2114 0 -0.3090342169816400
2117 0 -0.0002854807787800
2118 0 -0.0035113090904900
2124 0 -0.0042225747138900
2125 0 -0.3240115682585700
2130 0 -0.0059440225588300
2131 0 0.0047452829485200
2135 0 -0.3240115682585700
2141 0 -0.0059440225588300
2142 0 0.0047452829485200
2144 0 -0.3347666258774700
2145 0 0.0028189953242600
2151 0 -0.0176351333453100
2152 0 -0.2884676330825000
2158 0 0.1660868279533100
2159 0 -0.3787177659503300
2165 0 -0.3849980284057500
2166 0 -0.0048277076140600
2170 0 -0.2747517599796900
2174 0 -0.3849980284057500
2175 0 -0.0048277076140600
2177 0 -0.2747517599796900
2179 0 -0.3081218100594700
2180 0 -8.1648786325822602
2181 0 0.1218732923577700
2184 0 -0.0041755390189400
2185 0 -0.1303766169697300
2188 0 0.0144393355737300
2189 0 0.0240091132169700
2190 0 0.1218732923577700
2191 0 -0.0719274444547700
2194 0 0.0002378173227100
2195 0 0.0117125876502400
2198 0 -0.0008041173283300
2199 0 -0.0022525755142100
2202 0 -0.1129761390133900
2206 0 0.0152513055626700
2213 0 -0.1129761390133900
2217 0 0.0152513055626700
2220 0 -0.0041755390189400
2221 0 0.0002378173227100
2224 0 -0.1135910544962000
2225 0 -0.0012877118888400
2228 0 0.0168465270988900
2229 0 0.0041744465254000
2230 0 -0.1303766169697300
2231 0 0.0117125876502400
2234 0 -0.0012877118888400
2235 0 -0.0035653282495000
2238 0 0.0004392959113000
2239 0 0.0006222442692700
2242 0 0.0152513055626700
2246 0 -0.0024496815528800
2253 0 0.0152513055626700
2257 0 -0.0024496815528800
2260 0 0.0144393355737300
2261 0 -0.0008041173283300
2264 0 0.0168465270988900
2265 0 0.0004392959113000
2268 0 -0.0029532100254900
2269 0 -0.0007253483101900
2270 0 0.0240091132169700
2271 0 -0.0022525755142100
2274 0 0.0041744465254000
2275 0 0.0006222442692700
2278 0 -0.0007253483101900
2279 0 -0.0002734826326200
2280 0 -2.0711288827908598
2283 0 0.0062356226085300
2284 0 0.0708867990729300
2287 0 -0.0191853845001100
2288 0 -0.0667175788845700
2289 0 -0.0719274444547700
2290 0 -0.1059629721324000
2293 0 0.0003795166177500
2294 0 0.0078405205400800
2297 0 -0.0006897220350300
2298 0 -0.0023646563834700
2301 0 -0.0972488420425000
2305 0 0.0100293930796600
2312 0 -0.0972488420425000
2316 0 0.0100293930796600
2319 0 0.0002378173227100
2320 0 -0.0004414312235200
2323 0 -0.0978767339946600
2324 0 -0.0008902403381000
2327 0 0.0112017855201900
2328 0 0.0030761499160400
2329 0 0.0117125876502400
2330 0 0.0225680627503200
2333 0 -0.0015634678028800
2334 0 0.0017404216918100
2337 0 0.0001253403430200
2338 0 0.0002946207520800
2341 0 0.0246813409618600
2345 0 0.0000182511082400
2352 0 0.0246813409618600
2356 0 0.0000182511082400
2359 0 -0.0008041173283300
2360 0 0.0011997721573000
2363 0 0.0269866005771300
2364 0 0.0001025135939200
2367 0 -0.0001987539820200
2368 0 -0.0004154411409100
2369 0 -0.0022525755142100
2370 0 -0.0010373438871100
2373 0 0.0055888531764000
2374 0 -0.0000096384980900
2377 0 -0.0002021089932600
2378 0 -0.0001031233952500
2379 0 -2.2049383851934201
2383 0 0.0983836128972100
2389 0 -0.1226266004163000
2393 0 0.0101898509909600
2397 0 -0.1129761390133900
2398 0 -0.0972488420425000
2401 0 0.0000916001120000
2402 0 0.0096774869930900
2405 0 -0.0006728863870800
2406 0 -0.0022967520345800
2419 0 -0.0007196924622200
2423 0 0.0000340334757800
2429 0 0.0223652450590500
2433 0 0.0016038491208900
2437 0 0.0152513055626700
2438 0 0.0246813409618600
2441 0 0.0000126505244700
2442 0 -0.0000441940663400
2445 0 0.0000969259255600
2446 0 0.0004127966163200
2459 0 0.0013034076922200
2463 0 -0.0000478472182000
2469 0 -0.0011556772579700
2473 0 -0.0000261354789500
2477 0 -2.2049383851934201
2481 0 0.0983836128972100
2487 0 -0.1226266004163000
2491 0 0.0101898509909600
2504 0 -0.1129761390133900
2505 0 -0.0972488420425000
2508 0 0.0000916001120000
2509 0 0.0096774869930900
2512 0 -0.0006728863870800
2513 0 -0.0022967520345800
2517 0 -0.0007196924622200
2521 0 0.0000340334757800
2527 0 0.0223652450590500
2531 0 0.0016038491208900
2544 0 0.0152513055626700
2545 0 0.0246813409618600
2548 0 0.0000126505244700
2549 0 -0.0000441940663400
2552 0 0.0000969259255600
2553 0 0.0004127966163200
2557 0 0.0013034076922200
2561 0 -0.0000478472182000
2567 0 -0.0011556772579700
2571 0 -0.0000261354789500
2574 0 -2.2104046698414099
2575 0 -0.0233071541068700
2578 0 0.1284447709126400
2579 0 0.0704711288956700
2580 0 0.0002378173227100
2581 0 0.0003795166177500
2584 0 -0.1231339035258400
2585 0 -0.0010379577413500
2588 0 0.0115136262068300
2589 0 0.0034596232326100
2592 0 0.0000916001120000
2596 0 0.0000067185113300
2603 0 0.0000916001120000
2607 0 0.0000067185113300
2610 0 -0.1135910544962000
2611 0 -0.0978767339946600
2614 0 -0.0005357439560900
2615 0 0.0097219791782600
2618 0 -0.0006839459228000
2619 0 -0.0023953004674500
2620 0 -0.0012877118888400
2621 0 -0.0015634678028800
2624 0 0.0223896796458600
2625 0 0.0001098267570200
2628 0 0.0015146230355000
2629 0 -0.0001110334677800
2632 0 0.0000126505244700
2636 0 0.0000166236465800
2643 0 0.0000126505244700
2647 0 0.0000166236465800
2650 0 0.0168465270988900
2651 0 0.0269866005771300
2654 0 0.0013215222820300
2655 0 -0.0001554785978400
2658 0 0.0001253073483700
2659 0 0.0005697760092600
2660 0 0.0041744465254000
2661 0 0.0055888531764000
2664 0 -0.0009982494715100
2665 0 -0.0001758849504500
2668 0 0.0000497189673600
2669 0 0.0000985725234700
2670 0 -0.5477120010316100
2673 0 0.0250719985669800
2674 0 0.0037211874101500
2675 0 0.0117125876502400
2676 0 0.0078405205400800
2679 0 -0.0010379577413500
2680 0 -0.0017971074873000
2683 0 0.0002773722189000
2684 0 0.0002444917427800
2687 0 0.0096774869930900
2691 0 0.0015207975618900
2698 0 0.0096774869930900
2702 0 0.0015207975618900
2705 0 -0.0012877118888400
2706 0 -0.0008902403381000
2709 0 0.0097219791782600
2710 0 0.0000458646662500
2713 0 0.0012702328352900
2714 0 -0.0002044334106200
2715 0 -0.0035653282495000
2716 0 0.0017404216918100
2719 0 0.0001098267570200
2720 0 0.0055536032745500
2723 0 -0.0003766347457500
2724 0 -0.0000539414029600
2727 0 -0.0000441940663400
2731 0 0.0013754438402100
2738 0 -0.0000441940663400
2742 0 0.0013754438402100
2745 0 0.0004392959113000
2746 0 0.0001025135939200
2749 0 -0.0001554785978400
2750 0 0.0000707964648700
2753 0 0.0022018006356700
2754 0 0.0002289473740400
2755 0 0.0006222442692700
2756 0 -0.0000096384980900
2759 0 -0.0001758849504500
2760 0 -0.0004918144264800
2763 0 0.0006617366474700
2764 0 -0.0001756052838500
2765 0 -0.5429871026230501
2771 0 0.0101898509909600
2775 0 -0.0021678389119000
2779 0 0.0152513055626700
2780 0 0.0100293930796600
2783 0 0.0000067185113300
2784 0 0.0015207975618900
2787 0 0.0000062030314800
2788 0 0.0001542590168700
2801 0 0.0000340334757800
2805 0 -0.0000583291057300
2811 0 0.0016038491208900
2815 0 0.0053865872793700
2819 0 -0.0024496815528800
2820 0 0.0000182511082400
2823 0 0.0000166236465800
2824 0 0.0013754438402100
2827 0 -0.0000032063547700
2828 0 -0.0001757611412800
2841 0 -0.0000478472182000
2845 0 0.0003067806122800
2851 0 -0.0000261354789500
2855 0 -0.0004373941805000
2859 0 -0.5429871026230501
2865 0 0.0101898509909600
2869 0 -0.0021678389119000
2882 0 0.0152513055626700
2883 0 0.0100293930796600
2886 0 0.0000067185113300
2887 0 0.0015207975618900
2890 0 0.0000062030314800
2891 0 0.0001542590168700
2895 0 0.0000340334757800
2899 0 -0.0000583291057300
2905 0 0.0016038491208900
2909 0 0.0053865872793700
2922 0 -0.0024496815528800
2923 0 0.0000182511082400
2926 0 0.0000166236465800
2927 0 0.0013754438402100
2930 0 -0.0000032063547700
2931 0 -0.0001757611412800
2935 0 -0.0000478472182000
2939 0 0.0003067806122800
2945 0 -0.0000261354789500
2949 0 -0.0004373941805000
2952 0 -0.5614008704377700
2953 0 -0.0277815764389400
2954 0 -0.0008041173283300
2955 0 -0.0006897220350300
2958 0 0.0115136262068300
2959 0 0.0002773722189000
2962 0 -0.0025493817840700
2963 0 -0.0004746004579500
2966 0 -0.0006728863870800
2970 0 0.0000062030314800
2977 0 -0.0006728863870800
2981 0 0.0000062030314800
2984 0 0.0168465270988900
2985 0 0.0112017855201900
2988 0 -0.0006839459228000
2989 0 0.0012702328352900
2992 0 0.0002628034866900
2993 0 0.0006110139679000
2994 0 0.0004392959113000
2995 0 0.0001253403430200
2998 0 0.0015146230355000
2999 0 -0.0003766347457500
3002 0 0.0060355010508500
3003 0 0.0003332839339300
3006 0 0.0000969259255600
3010 0 -0.0000032063547700
3017 0 0.0000969259255600
3021 0 -0.0000032063547700
3024 0 -0.0029532100254900
3025 0 -0.0001987539820200
3028 0 0.0001253073483700
3029 0 0.0022018006356700
3032 0 0.0000388095979000
3033 0 0.0000032156356400
3034 0 -0.0007253483101900
3035 0 -0.0002021089932600
3038 0 0.0000497189673600
3039 0 0.0006617366474700
3042 0 -0.0005670034795300
3043 0 0.0002325213482800
3044 0 -0.3069161444087900
3045 0 -0.0022525755142100
3046 0 -0.0023646563834700
3049 0 0.0034596232326100
3050 0 0.0002444917427800
3053 0 -0.0004746004579500
3054 0 -0.0003418316323800
3057 0 -0.0022967520345800
3061 0 0.0001542590168700
3068 0 -0.0022967520345800
3072 0 0.0001542590168700
3075 0 0.0041744465254000
3076 0 0.0030761499160400
3079 0 -0.0023953004674500
3080 0 -0.0002044334106200
3083 0 0.0006110139679000
3084 0 -0.0013403195717100
3085 0 0.0006222442692700
3086 0 0.0002946207520800
3089 0 -0.0001110334677800
3090 0 -0.0000539414029600
3093 0 0.0003332839339300
3094 0 0.0008639967413100
3097 0 0.0004127966163200
3101 0 -0.0001757611412800
3108 0 0.0004127966163200
3112 0 -0.0001757611412800
3115 0 -0.0007253483101900
3116 0 -0.0004154411409100
3119 0 0.0005697760092600
3120 0 0.0002289473740400
3123 0 0.0000032156356400
3124 0 0.0009457594102400
3125 0 -0.0002734826326200
3126 0 -0.0001031233952500
3129 0 0.0000985725234700
3130 0 -0.0001756052838500
3133 0 0.0002325213482800
3134 0 0.0016980044673600
3135 0 -2.0711288827908700
3136 0 -0.1059629721324000
3139 0 -0.0004414312235200
3140 0 0.0225680627503200
3143 0 0.0011997721573000
3144 0 -0.0010373438871100
3147 0 -0.0972488420425000
3151 0 0.0246813409618600
3158 0 -0.0972488420425000
3162 0 0.0246813409618600
3165 0 0.0062356226085300
3166 0 0.0003795166177500
3169 0 -0.0978767339946600
3170 0 -0.0015634678028800
3173 0 0.0269866005771300
3174 0 0.0055888531764000
3175 0 0.0708867990729300
3176 0 0.0078405205400800
3179 0 -0.0008902403381000
3180 0 0.0017404216918100
3183 0 0.0001025135939200
3184 0 -0.0000096384980900
3187 0 0.0100293930796600
3191 0 0.0000182511082400
3198 0 0.0100293930796600
3202 0 0.0000182511082400
3205 0 -0.0191853845001100
3206 0 -0.0006897220350300
3209 0 0.0112017855201900
3210 0 0.0001253403430200
3213 0 -0.0001987539820200
3214 0 -0.0002021089932600
3215 0 -0.0667175788845700
3216 0 -0.0023646563834700
3219 0 0.0030761499160400
3220 0 0.0002946207520800
3223 0 -0.0004154411409100
3224 0 -0.0001031233952500
3225 0 -1.5652009734340200
3228 0 0.0040074978988000
3229 0 -0.0312787930821600
3232 0 -0.0111088791594400
3233 0 -0.0412813654673300
3236 0 -0.7087060395632599
3240 0 -0.0108480281251800
3247 0 -0.7087060395632599
3251 0 -0.0108480281251800
3254 0 0.0003795166177500
3255 0 0.0040074978988000
3258 0 -0.7100391389826201
3259 0 -0.0027710907150700
3262 0 -0.0084156466122500
3263 0 0.0075847695242400
3264 0 0.0078405205400800
3265 0 -0.0312787930821600
3268 0 -0.0027710907150700
3269 0 -0.0109422775745400
3272 0 0.0004075686634700
3273 0 0.0003090787586300
3276 0 -0.0108480281251800
3280 0 -0.0075824450368200
3287 0 -0.0108480281251800
3291 0 -0.0075824450368200
3294 0 -0.0006897220350300
3295 0 -0.0111088791594400
3298 0 -0.0084156466122500
3299 0 0.0004075686634700
3302 0 -0.0083526210831800
3303 0 -0.0011794979234200
3304 0 -0.0023646563834700
3305 0 -0.0412813654673300
3308 0 0.0075847695242400
3309 0 0.0003090787586300
3312 0 -0.0011794979234200
3313 0 -0.0011633394132100
3314 0 -1.5939764486334400
3318 0 -0.0235807939968700
3322 0 -0.0972488420425000
3323 0 -0.7087060395632599
3326 0 0.0005677006582700
3327 0 -0.0062305051946900
3330 0 -0.0023440769870900
3331 0 -0.0105126820840900
3344 0 0.0033250384261500
3348 0 -0.0001144150248500
3354 0 -0.0263728874746800
3358 0 -0.0111252469029900
3362 0 0.0100293930796600
3363 0 -0.0108480281251800
3366 0 -0.0001348644370200
3367 0 -0.0073366425079000
3370 0 0.0001966988641100
3371 0 0.0003258884417300
3384 0 -0.0113051058669100
3388 0 0.0002367460913500
3394 0 -0.0421333303146800
3398 0 0.0004816505037800
3402 0 -1.5939764486334400
3406 0 -0.0235807939968700
3419 0 -0.0972488420425000
3420 0 -0.7087060395632599
3423 0 0.0005677006582700
3424 0 -0.0062305051946900
3427 0 -0.0023440769870900
3428 0 -0.0105126820840900
3432 0 0.0033250384261500
3436 0 -0.0001144150248500
3442 0 -0.0263728874746800
3446 0 -0.0111252469029900
3459 0 0.0100293930796600
3460 0 -0.0108480281251800
3463 0 -0.0001348644370200
3464 0 -0.0073366425079000
3467 0 0.0001966988641100
3468 0 0.0003258884417300
3472 0 -0.0113051058669100
3476 0 0.0002367460913500
3482 0 -0.0421333303146800
3486 0 0.0004816505037800
3489 0 -1.5966423343657301
3490 0 -0.0118971958023800
3493 0 -0.0079842925027900
3494 0 0.0325957047442800
3497 0 0.0005677006582700
3501 0 -0.0007355710251100
3508 0 0.0005677006582700
3512 0 -0.0007355710251100
3515 0 -0.0978767339946600
3516 0 -0.7100391389826201
3519 0 0.0046782095546400
3520 0 -0.0050093916105900
3523 0 -0.0027894884741600
3524 0 -0.0136678530893400
3525 0 -0.0008902403381000
3526 0 -0.0027710907150700
3529 0 -0.0260067925881500
3530 0 0.0005557927912400
3533 0 -0.0114104159638600
3534 0 -0.0014397089323600
3537 0 -0.0001348644370200
3541 0 -0.0000673041781600
3548 0 -0.0001348644370200
3552 0 -0.0000673041781600
3555 0 0.0112017855201900
3556 0 -0.0084156466122500
3559 0 -0.0118109431708000
3560 0 -0.0075556007869600
3563 0 0.0002303975078700
3564 0 0.0001618905366000
3565 0 0.0030761499160400
3566 0 0.0075847695242400
3569 0 -0.0437170394988000
3570 0 -0.0011358850342400
3573 0 0.0005302475543200
3574 0 0.0010304022880300
3575 0 -0.5379193183576499
3578 0 0.0222413611653200
3579 0 0.0002239037644400
3582 0 -0.0062305051946900
3586 0 -0.1219174139429700
3593 0 -0.0062305051946900
3597 0 -0.1219174139429700
3600 0 -0.0015634678028800
3601 0 -0.0027710907150700
3604 0 -0.0050093916105900
3605 0 0.0057604518593200
3608 0 -0.1206854068168700
3609 0 -0.0073581330625400
3610 0 0.0017404216918100
3611 0 -0.0109422775745400
3614 0 0.0005557927912400
3615 0 -0.0259521093755100
3618 0 0.0015598951993700
3619 0 0.0002000556192300
3622 0 -0.0073366425079000
3626 0 -0.0068781973052400
3633 0 -0.0073366425079000
3637 0 -0.0068781973052400
3640 0 0.0001253403430200
3641 0 0.0004075686634700
3644 0 -0.0075556007869600
3645 0 -0.0008960986650800
3648 0 -0.0094719126957000
3649 0 -0.0007933721943900
3650 0 0.0002946207520800
3651 0 0.0003090787586300
3654 0 -0.0011358850342400
3655 0 -0.0050769248140800
3658 0 -0.0032849120352900
3659 0 0.0003889073564000
3660 0 -0.5329844254350100
3664 0 0.0246813409618600
3665 0 -0.0108480281251800
3668 0 -0.0007355710251100
3669 0 -0.1219174139429700
3672 0 0.0034185427690500
3673 0 0.0047364051138900
3686 0 -0.0001144150248500
3690 0 0.0003135734002700
3696 0 -0.0111252469029900
3700 0 -0.0249644445459200
3704 0 0.0000182511082400
3705 0 -0.0075824450368200
3708 0 -0.0000673041781600
3709 0 -0.0068781973052400
3712 0 0.0000852790975700
3713 0 0.0007106252526300
3726 0 0.0002367460913500
3730 0 -0.0018551936447300
3736 0 0.0004816505037800
3740 0 -0.0054769698665900
3744 0 -0.5329844254350100
3757 0 0.0246813409618600
3758 0 -0.0108480281251800
3761 0 -0.0007355710251100
3762 0 -0.1219174139429700
3765 0 0.0034185427690500
3766 0 0.0047364051138900
3770 0 -0.0001144150248500
3774 0 0.0003135734002700
3780 0 -0.0111252469029900
3784 0 -0.0249644445459200
3797 0 0.0000182511082400
3798 0 -0.0075824450368200
3801 0 -0.0000673041781600
3802 0 -0.0068781973052400
3805 0 0.0000852790975700
3806 0 0.0007106252526300
3810 0 0.0002367460913500
3814 0 -0.0018551936447300
3820 0 0.0004816505037800
3824 0 -0.0054769698665900
3827 0 -0.5494365544189100
3828 0 -0.0224183246233700
3831 0 -0.0023440769870900
3835 0 0.0034185427690500
3842 0 -0.0023440769870900
3846 0 0.0034185427690500
3849 0 0.0269866005771300
3850 0 -0.0084156466122500
3853 0 -0.0027894884741600
3854 0 -0.1206854068168700
3857 0 -0.0040619590480100
3858 0 -0.0135095102446800
3859 0 0.0001025135939200
3860 0 0.0004075686634700
3863 0 -0.0114104159638600
3864 0 0.0015598951993700
3867 0 -0.0276097500109500
3868 0 -0.0013630098465100
3871 0 0.0001966988641100
3875 0 0.0000852790975700
3882 0 0.0001966988641100
3886 0 0.0000852790975700
3889 0 -0.0001987539820200
3890 0 -0.0083526210831800
3893 0 0.0002303975078700
3894 0 -0.0094719126957000
3897 0 -0.0007789838340200
3898 0 -0.0003106600007200
3899 0 -0.0004154411409100
3900 0 -0.0011794979234200
3903 0 0.0005302475543200
3904 0 -0.0032849120352900
3907 0 -0.0045684520179300
3908 0 -0.0016567588866500
3909 0 -0.3055628029054100
3912 0 -0.0105126820840900
3916 0 0.0047364051138900
3923 0 -0.0105126820840900
3927 0 0.0047364051138900
3930 0 0.0055888531764000
3931 0 0.0075847695242400
3934 0 -0.0136678530893400
3935 0 -0.0073581330625400
3938 0 -0.0135095102446800
3939 0 0.0585817283435500
3940 0 -0.0000096384980900
3941 0 0.0003090787586300
3944 0 -0.0014397089323600
3945 0 0.0002000556192300
3948 0 -0.0013630098465100
3949 0 -0.0048914778333100
3952 0 0.0003258884417300
3956 0 0.0007106252526300
3963 0 0.0003258884417300
3967 0 0.0007106252526300
3970 0 -0.0002021089932600
3971 0 -0.0011794979234200
3974 0 0.0001618905366000
3975 0 -0.0007933721943900
3978 0 -0.0003106600007200
3979 0 -0.0043266328876100
3980 0 -0.0001031233952500
3981 0 -0.0011633394132100
3984 0 0.0010304022880300
3985 0 0.0003889073564000
3988 0 -0.0016567588866500
3989 0 0.0062370657618000
3990 0 -2.2049383851934201
3991 0 -0.1226266004163000
3994 0 -0.0007196924622200
3995 0 0.0223652450590500
3998 0 0.0013034076922200
3999 0 -0.0011556772579700
4012 0 0.0000916001120000
4016 0 0.0000126505244700
4022 0 0.0096774869930900
4026 0 -0.0000441940663400
4030 0 0.0983836128972100
4031 0 0.0101898509909600
4034 0 0.0000340334757800
4035 0 0.0016038491208900
4038 0 -0.0000478472182000
4039 0 -0.0000261354789500
4052 0 -0.0006728863870800
4056 0 0.0000969259255600
4062 0 -0.0022967520345800
4066 0 0.0004127966163200
4070 0 -1.5939764486334400
4073 0 0.0033250384261500
4074 0 -0.0263728874746800
4077 0 -0.0113051058669100
4078 0 -0.0421333303146800
4091 0 0.0005677006582700
4095 0 -0.0001348644370200
4101 0 -0.0062305051946900
4105 0 -0.0073366425079000
4109 0 0.0101898509909600
4110 0 -0.0235807939968700
4113 0 -0.0001144150248500
4114 0 -0.0111252469029900
4117 0 0.0002367460913500
4118 0 0.0004816505037800
4131 0 -0.0023440769870900
4135 0 0.0001966988641100
4141 0 -0.0105126820840900
4145 0 0.0003258884417300
4149 0 -1.7553004565342301
4153 0 -0.0185952875084800
4160 0 -0.1909476335933900
4164 0 -0.0009067593582000
4167 0 0.0000916001120000
4168 0 0.0005677006582700
4171 0 -0.1913548362108000
4172 0 -0.0007950839564400
4175 0 0.0000659998591900
4176 0 0.0025249366267400
4177 0 0.0096774869930900
4178 0 -0.0062305051946900
4181 0 -0.0007950839564400
4182 0 -0.0071526478140200
4185 0 0.0003598936527000
4186 0 0.0004319006855100
4189 0 -0.0185952875084800
4193 0 -0.0153555013353600
4200 0 -0.0009067593582000
4204 0 -0.0029305767408000
4207 0 -0.0006728863870800
4208 0 -0.0023440769870900
4211 0 0.0000659998591900
4212 0 0.0003598936527000
4215 0 -0.0032745680441100
4216 0 -0.0004785432390200
4217 0 -0.0022967520345800
4218 0 -0.0105126820840900
4221 0 0.0025249366267400
4222 0 0.0004319006855100
4225 0 -0.0004785432390200
4226 0 -0.0003559480098900
4227 0 -1.5643528229447099
4231 0 -0.0167817687901600
4236 0 -0.1909476335933900
4240 0 -0.0009067593582000
4267 0 -0.0167817687901600
4271 0 -0.0094943478542600
4276 0 -0.0009067593582000
4280 0 -0.0029305767408000
4304 0 -1.5670053092364200
4305 0 -0.0119676149887200
4308 0 -0.0011261256923400
4309 0 0.0327262674661300
4322 0 -0.1913548362108000
4326 0 -0.0007096399239800
4332 0 -0.0007950839564400
4336 0 0.0000674510128800
4340 0 0.0000340334757800
4341 0 -0.0001144150248500
4344 0 -0.0165910843807800
4345 0 0.0003096470873400
4348 0 -0.0098599919095700
4349 0 -0.0013309461602000
4362 0 0.0000659998591900
4366 0 -0.0030586867908600
4372 0 0.0025249366267400
4376 0 -0.0003787944557500
4380 0 -0.5387155157743300
4383 0 0.0226428800621000
4384 0 0.0015769866131200
4397 0 -0.0007950839564400
4401 0 0.0006483112498500
4407 0 -0.0071526478140200
4411 0 -0.0072087797755200
4415 0 0.0016038491208900
4416 0 -0.0111252469029900
4419 0 0.0003096470873400
4420 0 -0.0252936614519600
4423 0 0.0010122446663300
4424 0 0.0002794433526700
4437 0 0.0003598936527000
4441 0 0.0002881635487100
4447 0 0.0004319006855100
4451 0 0.0002148396327500
4455 0 -0.5459746070042200
4462 0 -0.0009067593582000
4466 0 -0.0186408341182100
4469 0 0.0000126505244700
4470 0 -0.0001348644370200
4473 0 -0.0007096399239800
4474 0 0.0006483112498500
4477 0 -0.0194472199031400
4478 0 -0.0016756678308500
4479 0 -0.0000441940663400
4480 0 -0.0073366425079000
4483 0 0.0000674510128800
4484 0 -0.0072087797755200
4487 0 0.0004605327341400
4488 0 0.0006871322438000
4491 0 -0.0153555013353600
4495 0 -0.0264971789517100
4502 0 -0.0029305767408000
4506 0 -0.0013971924315500
4509 0 0.0000969259255600
4510 0 0.0001966988641100
4513 0 -0.0030586867908600
4514 0 0.0002881635487100
4517 0 -0.0017585944419300
4518 0 -0.0005308455521100
4519 0 0.0004127966163200
4520 0 0.0003258884417300
4523 0 -0.0003787944557500
4524 0 0.0002148396327500
4527 0 -0.0008975237536000
4528 0 0.0002661528744800
4529 0 -0.5273337728872000
4534 0 -0.0009067593582000
4538 0 -0.0186408341182100
4565 0 -0.0094943478542600
4569 0 -0.0237027940875300
4574 0 -0.0029305767408000
4578 0 -0.0013971924315500
4602 0 -0.5436576743750100
4603 0 -0.0223461570490000
4616 0 0.0000659998591900
4620 0 -0.0194472199031400
4626 0 0.0003598936527000
4630 0 0.0004605327341400
4634 0 -0.0000478472182000
4635 0 0.0002367460913500
4638 0 -0.0098599919095700
4639 0 0.0010122446663300
4642 0 -0.0251185190613200
4643 0 -0.0011937467789900
4656 0 -0.0032745680441100
4660 0 -0.0017585944419300
4666 0 -0.0004785432390200
4670 0 -0.0008975237536000
4674 0 -0.3035963994228800
4687 0 0.0025249366267400
4691 0 -0.0016756678308500
4697 0 0.0004319006855100
4701 0 0.0006871322438000
4705 0 -0.0000261354789500
4706 0 0.0004816505037800
4709 0 -0.0013309461602000
4710 0 0.0002794433526700
4713 0 -0.0011937467789900
4714 0 -0.0055552987742900
4727 0 -0.0004785432390200
4731 0 -0.0005308455521100
4737 0 -0.0003559480098900
4741 0 0.0002661528744800
4745 0 -2.2049383851934201
4746 0 -0.1226266004163000
4749 0 -0.0007196924622200
4750 0 0.0223652450590500
4753 0 0.0013034076922200
4754 0 -0.0011556772579700
4758 0 0.0000916001120000
4762 0 0.0000126505244700
4768 0 0.0096774869930900
4772 0 -0.0000441940663400
4785 0 0.0983836128972100
4786 0 0.0101898509909600
4789 0 0.0000340334757800
4790 0 0.0016038491208900
4793 0 -0.0000478472182000
4794 0 -0.0000261354789500
4798 0 -0.0006728863870800
4802 0 0.0000969259255600
4808 0 -0.0022967520345800
4812 0 0.0004127966163200
4815 0 -1.5939764486334400
4818 0 0.0033250384261500
4819 0 -0.0263728874746800
4822 0 -0.0113051058669100
4823 0 -0.0421333303146800
4827 0 0.0005677006582700
4831 0 -0.0001348644370200
4837 0 -0.0062305051946900
4841 0 -0.0073366425079000
4854 0 0.0101898509909600
4855 0 -0.0235807939968700
4858 0 -0.0001144150248500
4859 0 -0.0111252469029900
4862 0 0.0002367460913500
4863 0 0.0004816505037800
4867 0 -0.0023440769870900
4871 0 0.0001966988641100
4877 0 -0.0105126820840900
4881 0 0.0003258884417300
4884 0 -1.5643528229447099
4888 0 -0.0167817687901600
4915 0 -0.0009067593582000
4919 0 -0.0029305767408000
4924 0 -0.0167817687901600
4928 0 -0.0094943478542600
4952 0 -1.7553004565342301
4956 0 -0.0185952875084800
4959 0 0.0000916001120000
4960 0 0.0005677006582700
4963 0 -0.1913548362108000
4964 0 -0.0007950839564400
4967 0 0.0000659998591900
4968 0 0.0025249366267400
4969 0 0.0096774869930900
4970 0 -0.0062305051946900
4973 0 -0.0007950839564400
4974 0 -0.0071526478140200
4977 0 0.0003598936527000
4978 0 0.0004319006855100
4981 0 -0.0009067593582000
4985 0 -0.0029305767408000
4992 0 -0.0185952875084800
4996 0 -0.0153555013353600
4999 0 -0.0006728863870800
5000 0 -0.0023440769870900
5003 0 0.0000659998591900
5004 0 0.0003598936527000
5007 0 -0.0032745680441100
5008 0 -0.0004785432390200
5009 0 -0.0022967520345800
5010 0 -0.0105126820840900
5013 0 0.0025249366267400
5014 0 0.0004319006855100
5017 0 -0.0004785432390200
5018 0 -0.0003559480098900
5019 0 -1.5670053092364200
5020 0 -0.0119676149887200
5023 0 -0.0011261256923400
5024 0 0.0327262674661300
5028 0 -0.1913548362108000
5032 0 -0.0007096399239800
5038 0 -0.0007950839564400
5042 0 0.0000674510128800
5055 0 0.0000340334757800
5056 0 -0.0001144150248500
5059 0 -0.0165910843807800
5060 0 0.0003096470873400
5063 0 -0.0098599919095700
5064 0 -0.0013309461602000
5068 0 0.0000659998591900
5072 0 -0.0030586867908600
5078 0 0.0025249366267400
5082 0 -0.0003787944557500
5085 0 -0.5387155157743200
5088 0 0.0226428800621000
5089 0 0.0015769866131200
5093 0 -0.0007950839564400
5097 0 0.0006483112498500
5103 0 -0.0071526478140200
5107 0 -0.0072087797755200
5120 0 0.0016038491208900
5121 0 -0.0111252469029900
5124 0 0.0003096470873400
5125 0 -0.0252936614519600
5128 0 0.0010122446663300
5129 0 0.0002794433526700
5133 0 0.0003598936527000
5137 0 0.0002881635487100
5143 0 0.0004319006855100
5147 0 0.0002148396327500
5150 0 -0.5273337728872000
5177 0 -0.0029305767408000
5181 0 -0.0013971924315500
5186 0 -0.0094943478542600
5190 0 -0.0237027940875300
5214 0 -0.5459746070042200
5217 0 0.0000126505244700
5218 0 -0.0001348644370200
5221 0 -0.0007096399239800
5222 0 0.0006483112498500
5225 0 -0.0194472199031400
5226 0 -0.0016756678308500
5227 0 -0.0000441940663400
5228 0 -0.0073366425079000
5231 0 0.0000674510128800
5232 0 -0.0072087797755200
5235 0 0.0004605327341400
5236 0 0.0006871322438000
5239 0 -0.0029305767408000
5243 0 -0.0013971924315500
5250 0 -0.0153555013353600
5254 0 -0.0264971789517100
5257 0 0.0000969259255600
5258 0 0.0001966988641100
5261 0 -0.0030586867908600
5262 0 0.0002881635487100
5265 0 -0.0017585944419300
5266 0 -0.0005308455521100
5267 0 0.0004127966163200
5268 0 0.0003258884417300
5271 0 -0.0003787944557500
5272 0 0.0002148396327500
5275 0 -0.0008975237536000
5276 0 0.0002661528744800
5277 0 -0.5436576743750100
5278 0 -0.0223461570490000
5282 0 0.0000659998591900
5286 0 -0.0194472199031400
5292 0 0.0003598936527000
5296 0 0.0004605327341400
5309 0 -0.0000478472182000
5310 0 0.0002367460913500
5313 0 -0.0098599919095700
5314 0 0.0010122446663300
5317 0 -0.0251185190613200
5318 0 -0.0011937467789900
5322 0 -0.0032745680441100
5326 0 -0.0017585944419300
5332 0 -0.0004785432390200
5336 0 -0.0008975237536000
5339 0 -0.3035963994228800
5343 0 0.0025249366267400
5347 0 -0.0016756678308500
5353 0 0.0004319006855100
5357 0 0.0006871322438000
5370 0 -0.0000261354789500
5371 0 0.0004816505037800
5374 0 -0.0013309461602000
5375 0 0.0002794433526700
5378 0 -0.0011937467789900
5379 0 -0.0055552987742900
5383 0 -0.0004785432390200
5387 0 -0.0005308455521100
5393 0 -0.0003559480098900
5397 0 0.0002661528744800
5400 0 -2.2104046698414099
5401 0 -0.1231339035258400
5404 0 -0.0005357439560900
5405 0 0.0223896796458600
5408 0 0.0013215222820300
5409 0 -0.0009982494715100
5410 0 -0.0233071541068700
5411 0 -0.0010379577413500
5414 0 0.0097219791782600
5415 0 0.0001098267570200
5418 0 -0.0001554785978400
5419 0 -0.0001758849504500
5422 0 0.0000067185113300
5426 0 0.0000166236465800
5433 0 0.0000067185113300
5437 0 0.0000166236465800
5440 0 0.1284447709126400
5441 0 0.0115136262068300
5444 0 -0.0006839459228000
5445 0 0.0015146230355000
5448 0 0.0001253073483700
5449 0 0.0000497189673600
5450 0 0.0704711288956700
5451 0 0.0034596232326100
5454 0 -0.0023953004674500
5455 0 -0.0001110334677800
5458 0 0.0005697760092600
5459 0 0.0000985725234700
5460 0 -1.5966423343657301
5463 0 0.0046782095546400
5464 0 -0.0260067925881500
5467 0 -0.0118109431708000
5468 0 -0.0437170394988000
5469 0 -0.0010379577413500
5470 0 -0.0118971958023800
5473 0 -0.0050093916105900
5474 0 0.0005557927912400
5477 0 -0.0075556007869600
5478 0 -0.0011358850342400
5481 0 -0.0007355710251100
5485 0 -0.0000673041781600
5492 0 -0.0007355710251100
5496 0 -0.0000673041781600
5499 0 0.0115136262068300
5500 0 -0.0079842925027900
5503 0 -0.0027894884741600
5504 0 -0.0114104159638600
5507 0 0.0002303975078700
5508 0 0.0005302475543200
5509 0 0.0034596232326100
5510 0 0.0325957047442800
5513 0 -0.0136678530893400
5514 0 -0.0014397089323600
5517 0 0.0001618905366000
5518 0 0.0010304022880300
5519 0 -1.5670053092364200
5523 0 -0.0165910843807800
5529 0 -0.0119676149887200
5533 0 0.0003096470873400
5537 0 0.0000067185113300
5538 0 -0.0007355710251100
5541 0 -0.0007096399239800
5542 0 0.0000674510128800
5545 0 -0.0030586867908600
5546 0 -0.0003787944557500
5559 0 -0.0011261256923400
5563 0 -0.0098599919095700
5569 0 0.0327262674661300
5573 0 -0.0013309461602000
5577 0 -1.5670053092364200
5581 0 -0.0165910843807800
5587 0 -0.0119676149887200
5591 0 0.0003096470873400
5604 0 0.0000067185113300
5605 0 -0.0007355710251100
5608 0 -0.0007096399239800
5609 0 0.0000674510128800
5612 0 -0.0030586867908600
5613 0 -0.0003787944557500
5617 0 -0.0011261256923400
5621 0 -0.0098599919095700
5627 0 0.0327262674661300
5631 0 -0.0013309461602000
5634 0 -1.7614549718444701
5635 0 -0.0134524791526400
5638 0 -0.0004291477022200
5639 0 0.0384800776189800
5640 0 0.0097219791782600
5641 0 -0.0050093916105900
5644 0 -0.0134524791526400
5645 0 -0.0068798233380100
5648 0 0.0006579407523900
5649 0 0.0003070338054300
5652 0 -0.0007096399239800
5656 0 -0.0028879328837800
5663 0 -0.0007096399239800
5667 0 -0.0028879328837800
5670 0 -0.0006839459228000
5671 0 -0.0027894884741600
5674 0 -0.0004291477022200
5675 0 0.0006579407523900
5678 0 -0.0166566283846200
5679 0 -0.0024821545601900
5680 0 -0.0023953004674500
5681 0 -0.0136678530893400
5684 0 0.0384800776189800
5685 0 0.0003070338054300
5688 0 -0.0024821545601900
5689 0 -0.0014278666994600
5690 0 -0.5380507468740300
5693 0 0.0218910526885000
5694 0 -0.0019661054173400
5695 0 0.0001098267570200
5696 0 0.0005557927912400
5699 0 -0.0068798233380100
5700 0 -0.0008047122421200
5703 0 -0.0076334094120500
5704 0 -0.0005330510627100
5707 0 0.0000674510128800
5711 0 -0.0009723989850900
5718 0 0.0000674510128800
5722 0 -0.0009723989850900
5725 0 0.0015146230355000
5726 0 -0.0114104159638600
5729 0 0.0006579407523900
5730 0 -0.0232714522104400
5733 0 0.0036290981215100
5734 0 0.0000546086457900
5735 0 -0.0001110334677800
5736 0 -0.0014397089323600
5739 0 0.0003070338054300
5740 0 0.0007445039876900
5743 0 0.0014259300140200
5744 0 -0.0011049262432800
5745 0 -0.5275567217789600
5751 0 0.0003096470873400
5755 0 -0.0019561930257900
5759 0 0.0000166236465800
5760 0 -0.0000673041781600
5763 0 -0.0028879328837800
5764 0 -0.0009723989850900
5767 0 -0.0011623206324900
5768 0 -0.0004604233345600
5781 0 -0.0098599919095700
5785 0 -0.0212177766038200
5791 0 -0.0013309461602000
5795 0 0.0011526002309800
5799 0 -0.5275567217789600
5805 0 0.0003096470873400
5809 0 -0.0019561930257900
5822 0 0.0000166236465800
5823 0 -0.0000673041781600
5826 0 -0.0028879328837800
5827 0 -0.0009723989850900
5830 0 -0.0011623206324900
5831 0 -0.0004604233345600
5835 0 -0.0098599919095700
5839 0 -0.0212177766038200
5845 0 -0.0013309461602000
5849 0 0.0011526002309800
5852 0 -0.5632437264159900
5853 0 -0.0234657673747100
5854 0 -0.0001554785978400
5855 0 -0.0075556007869600
5858 0 0.0006579407523900
5859 0 -0.0076334094120500
5862 0 0.0001456931103800
5863 0 -0.0002308721329900
5866 0 -0.0030586867908600
5870 0 -0.0011623206324900
5877 0 -0.0030586867908600
5881 0 -0.0011623206324900
5884 0 0.0001253073483700
5885 0 0.0002303975078700
5888 0 -0.0166566283846200
5889 0 0.0036290981215100
5892 0 -0.0268609723657200
5893 0 -0.0011673608969500
5894 0 0.0005697760092600
5895 0 0.0001618905366000
5898 0 -0.0024821545601900
5899 0 0.0014259300140200
5902 0 -0.0001945101302200
5903 0 0.0017286998568600
5904 0 -0.3097481503313700
5905 0 -0.0001758849504500
5906 0 -0.0011358850342400
5909 0 0.0003070338054300
5910 0 -0.0005330510627100
5913 0 -0.0002308721329900
5914 0 -0.0046162353337700
5917 0 -0.0003787944557500
5921 0 -0.0004604233345600
5928 0 -0.0003787944557500
5932 0 -0.0004604233345600
5935 0 0.0000497189673600
5936 0 0.0005302475543200
5939 0 -0.0024821545601900
5940 0 0.0000546086457900
5943 0 -0.0011673608969500
5944 0 -0.0024938748570300
5945 0 0.0000985725234700
5946 0 0.0010304022880300
5949 0 -0.0014278666994600
5950 0 -0.0011049262432800
5953 0 0.0017286998568600
5954 0 0.0003875609128200
5955 0 -0.5477120010316100
5956 0 -0.0017971074873000
5959 0 0.0000458646662500
5960 0 0.0055536032745400
5963 0 0.0000707964648700
5964 0 -0.0004918144264800
5967 0 0.0015207975618900
5971 0 0.0013754438402100
5978 0 0.0015207975618900
5982 0 0.0013754438402100
5985 0 0.0250719985669800
5986 0 0.0002773722189000
5989 0 0.0012702328352900
5990 0 -0.0003766347457500
5993 0 0.0022018006356700
5994 0 0.0006617366474700
5995 0 0.0037211874101500
5996 0 0.0002444917427800
5999 0 -0.0002044334106200
6000 0 -0.0000539414029600
6003 0 0.0002289473740400
6004 0 -0.0001756052838500
6005 0 -0.5379193183576499
6008 0 0.0057604518593200
6009 0 -0.0259521093755100
6012 0 -0.0008960986650800
6013 0 -0.0050769248140800
6016 0 -0.1219174139429700
6020 0 -0.0068781973052400
6027 0 -0.1219174139429700
6031 0 -0.0068781973052400
6034 0 0.0002773722189000
6035 0 0.0222413611653200
6038 0 -0.1206854068168700
6039 0 0.0015598951993700
6042 0 -0.0094719126957000
6043 0 -0.0032849120352900
6044 0 0.0002444917427800
6045 0 0.0002239037644400
6048 0 -0.0073581330625400
6049 0 0.0002000556192300
6052 0 -0.0007933721943900
6053 0 0.0003889073564000
6054 0 -0.5387155157743300
6058 0 -0.0252936614519600
6062 0 0.0015207975618900
6063 0 -0.1219174139429700
6066 0 0.0006483112498500
6067 0 -0.0072087797755200
6070 0 0.0002881635487100
6071 0 0.0002148396327500
6084 0 0.0226428800621000
6088 0 0.0010122446663300
6094 0 0.0015769866131200
6098 0 0.0002794433526700
6102 0 -0.5387155157743200
6106 0 -0.0252936614519600
6119 0 0.0015207975618900
6120 0 -0.1219174139429700
6123 0 0.0006483112498500
6124 0 -0.0072087797755200
6127 0 0.0002881635487100
6128 0 0.0002148396327500
6132 0 0.0226428800621000
6136 0 0.0010122446663300
6142 0 0.0015769866131200
6146 0 0.0002794433526700
6149 0 -0.5380507468740300
6150 0 -0.0008047122421200
6153 0 -0.0232714522104400
6154 0 0.0007445039876900
6157 0 0.0006483112498500
6161 0 -0.0009723989850900
6168 0 0.0006483112498500
6172 0 -0.0009723989850900
6175 0 0.0012702328352900
6176 0 -0.1206854068168700
6179 0 0.0218910526885000
6180 0 -0.0076334094120500
6183 0 0.0036290981215100
6184 0 0.0014259300140200
6185 0 -0.0002044334106200
6186 0 -0.0073581330625400
6189 0 -0.0019661054173400
6190 0 -0.0005330510627100
6193 0 0.0000546086457900
6194 0 -0.0011049262432800
6195 0 -0.4314015702441900
6198 0 0.0146694652382200
6199 0 -0.0046689600070300
6202 0 -0.0072087797755200
6206 0 -0.2114048333581100
6213 0 -0.0072087797755200
6217 0 -0.2114048333581100
6220 0 -0.0003766347457500
6221 0 0.0015598951993700
6224 0 -0.0076334094120500
6225 0 0.0146694652382200
6228 0 -0.1959309180624600
6229 0 -0.0069451545218800
6230 0 -0.0000539414029600
6231 0 0.0002000556192300
6234 0 -0.0005330510627100
6235 0 -0.0046689600070300
6238 0 -0.0069451545218800
6239 0 -0.0072699926903300
6240 0 -0.4297139849376200
6244 0 0.0013754438402100
6245 0 -0.0068781973052400
6248 0 -0.0009723989850900
6249 0 -0.2114048333581100
6252 0 0.0061490072385500
6253 0 0.0035744370530900
6266 0 0.0010122446663300
6270 0 0.0120930297973800
6276 0 0.0002794433526700
6280 0 -0.0011708458954200
6284 0 -0.4297139849376200
6297 0 0.0013754438402100
6298 0 -0.0068781973052400
6301 0 -0.0009723989850900
6302 0 -0.2114048333581100
6305 0 0.0061490072385500
6306 0 0.0035744370530900
6310 0 0.0010122446663300
6314 0 0.0120930297973800
6320 0 0.0002794433526700
6324 0 -0.0011708458954200
6327 0 -0.4327320849087000
6328 0 -0.0041261591976200
6331 0 0.0002881635487100
6335 0 0.0061490072385500
6342 0 0.0002881635487100
6346 0 0.0061490072385500
6349 0 0.0022018006356700
6350 0 -0.0094719126957000
6353 0 0.0036290981215100
6354 0 -0.1959309180624600
6357 0 -0.0110564577758700
6358 0 -0.0334235403762200
6359 0 0.0002289473740400
6360 0 -0.0007933721943900
6363 0 0.0000546086457900
6364 0 -0.0069451545218800
6367 0 -0.0157884070309100
6368 0 0.0051831587932000
6369 0 -0.2921026294276600
6372 0 0.0002148396327500
6376 0 0.0035744370530900
6383 0 0.0002148396327500
6387 0 0.0035744370530900
6390 0 0.0006617366474700
6391 0 -0.0032849120352900
6394 0 0.0014259300140200
6395 0 -0.0069451545218800
6398 0 -0.0334235403762200
6399 0 0.1712699867465100
6400 0 -0.0001756052838500
6401 0 0.0003889073564000
6404 0 -0.0011049262432800
6405 0 -0.0072699926903300
6408 0 0.0051831587932000
6409 0 0.0435762741995100
6410 0 -0.5429871026230501
6411 0 -0.0021678389119000
6414 0 -0.0000583291057300
6415 0 0.0053865872793700
6418 0 0.0003067806122800
6419 0 -0.0004373941805000
6432 0 0.0000062030314800
6436 0 -0.0000032063547700
6442 0 0.0001542590168700
6446 0 -0.0001757611412800
6450 0 -0.5329844254350100
6453 0 0.0003135734002700
6454 0 -0.0249644445459200
6457 0 -0.0018551936447300
6458 0 -0.0054769698665900
6471 0 0.0034185427690500
6475 0 0.0000852790975700
6481 0 0.0047364051138900
6485 0 0.0007106252526300
6489 0 -0.5459746070042200
6493 0 -0.0264971789517100
6500 0 -0.0186408341182100
6504 0 -0.0013971924315500
6507 0 0.0000062030314800
6508 0 0.0034185427690500
6511 0 -0.0194472199031400
6512 0 0.0004605327341400
6515 0 -0.0017585944419300
6516 0 -0.0008975237536000
6517 0 0.0001542590168700
6518 0 0.0047364051138900
6521 0 -0.0016756678308500
6522 0 0.0006871322438000
6525 0 -0.0005308455521100
6526 0 0.0002661528744800
6527 0 -0.5273337728872000
6531 0 -0.0237027940875300
6536 0 -0.0186408341182100
6540 0 -0.0013971924315500
6564 0 -0.5275567217789600
6565 0 -0.0019561930257900
6568 0 -0.0212177766038200
6569 0 0.0011526002309800
6582 0 -0.0194472199031400
6586 0 -0.0011623206324900
6592 0 -0.0016756678308500
6596 0 -0.0004604233345600
6600 0 -0.4297139849376200
6603 0 0.0120930297973800
6604 0 -0.0011708458954200
6617 0 0.0004605327341400
6621 0 0.0061490072385500
6627 0 0.0006871322438000
6631 0 0.0035744370530900
6635 0 -0.4628897791989100
6642 0 -0.0013971924315500
6646 0 -0.0561146754992300
6649 0 -0.0000032063547700
6650 0 0.0000852790975700
6653 0 -0.0011623206324900
6654 0 0.0061490072385500
6657 0 -0.0593426220553500
6658 0 -0.0010270401514900
6659 0 -0.0001757611412800
6660 0 0.0007106252526300
6663 0 -0.0004604233345600
6664 0 0.0035744370530900
6667 0 -0.0010270401514900
6668 0 -0.0025147939493800
6669 0 -0.4067751036999400
6674 0 -0.0013971924315500
6678 0 -0.0561146754992300
6702 0 -0.4146693394334300
6703 0 -0.0058547477655500
6716 0 -0.0017585944419300
6720 0 -0.0593426220553500
6726 0 -0.0005308455521100
6730 0 -0.0010270401514900
6734 0 -0.2760091569543900
6747 0 -0.0008975237536000
6751 0 -0.0010270401514900
6757 0 0.0002661528744800
6761 0 -0.0025147939493800
6765 0 -0.5429871026230501
6766 0 -0.0021678389119000
6769 0 -0.0000583291057300
6770 0 0.0053865872793700
6773 0 0.0003067806122800
6774 0 -0.0004373941805000
6778 0 0.0000062030314800
6782 0 -0.0000032063547700
6788 0 0.0001542590168700
6792 0 -0.0001757611412800
6795 0 -0.5329844254350100
6798 0 0.0003135734002700
6799 0 -0.0249644445459200
6802 0 -0.0018551936447300
6803 0 -0.0054769698665900
6807 0 0.0034185427690500
6811 0 0.0000852790975700
6817 0 0.0047364051138900
6821 0 0.0007106252526300
6824 0 -0.5273337728872000
6828 0 -0.0237027940875300
6852 0 -0.5459746070042200
6856 0 -0.0264971789517100
6859 0 0.0000062030314800
6860 0 0.0034185427690500
6863 0 -0.0194472199031400
6864 0 0.0004605327341400
6867 0 -0.0017585944419300
6868 0 -0.0008975237536000
6869 0 0.0001542590168700
6870 0 0.0047364051138900
6873 0 -0.0016756678308500
6874 0 0.0006871322438000
6877 0 -0.0005308455521100
6878 0 0.0002661528744800
6879 0 -0.5275567217789600
6880 0 -0.0019561930257900
6883 0 -0.0212177766038200
6884 0 0.0011526002309800
6888 0 -0.0194472199031400
6892 0 -0.0011623206324900
6898 0 -0.0016756678308500
6902 0 -0.0004604233345600
6905 0 -0.4297139849376200
6908 0 0.0120930297973800
6909 0 -0.0011708458954200
6913 0 0.0004605327341400
6917 0 0.0061490072385500
6923 0 0.0006871322438000
6927 0 0.0035744370530900
6930 0 -0.4067751036999400
6954 0 -0.4628897791989100
6957 0 -0.0000032063547700
6958 0 0.0000852790975700
6961 0 -0.0011623206324900
6962 0 0.0061490072385500
6965 0 -0.0593426220553500
6966 0 -0.0010270401514900
6967 0 -0.0001757611412800
6968 0 0.0007106252526300
6971 0 -0.0004604233345600
6972 0 0.0035744370530900
6975 0 -0.0010270401514900
6976 0 -0.0025147939493800
6977 0 -0.4146693394334300
6978 0 -0.0058547477655500
6982 0 -0.0017585944419300
6986 0 -0.0593426220553500
6992 0 -0.0005308455521100
6996 0 -0.0010270401514900
6999 0 -0.2760091569543900
7003 0 -0.0008975237536000
7007 0 -0.0010270401514900
7013 0 0.0002661528744800
7017 0 -0.0025147939493800
7020 0 -0.5614008704377700
7021 0 -0.0025493817840700
7024 0 0.0002628034866900
7025 0 0.0060355010508500
7028 0 0.0000388095979000
7029 0 -0.0005670034795300
7030 0 -0.0277815764389400
7031 0 -0.0004746004579500
7034 0 0.0006110139679000
7035 0 0.0003332839339300
7038 0 0.0000032156356400
7039 0 0.0002325213482800
7040 0 -0.5494365544189100
7043 0 -0.0040619590480100
7044 0 -0.0276097500109500
7047 0 -0.0007789838340200
7048 0 -0.0045684520179300
7049 0 -0.0004746004579500
7050 0 -0.0224183246233700
7053 0 -0.0135095102446800
7054 0 -0.0013630098465100
7057 0 -0.0003106600007200
7058 0 -0.0016567588866500
7059 0 -0.5436576743750100
7063 0 -0.0251185190613200
7069 0 -0.0223461570490000
7073 0 -0.0011937467789900
7077 0 -0.5436576743750100
7081 0 -0.0251185190613200
7087 0 -0.0223461570490000
7091 0 -0.0011937467789900
7094 0 -0.5632437264159900
7095 0 0.0001456931103800
7098 0 -0.0268609723657200
7099 0 -0.0001945101302200
7100 0 0.0006110139679000
7101 0 -0.0135095102446800
7104 0 -0.0234657673747100
7105 0 -0.0002308721329900
7108 0 -0.0011673608969500
7109 0 0.0017286998568600
7110 0 -0.4327320849087000
7113 0 -0.0110564577758700
7114 0 -0.0157884070309100
7115 0 0.0003332839339300
7116 0 -0.0013630098465100
7119 0 -0.0002308721329900
7120 0 -0.0041261591976200
7123 0 -0.0334235403762200
7124 0 0.0051831587932000
7125 0 -0.4146693394334300
7131 0 -0.0011937467789900
7135 0 -0.0058547477655500
7139 0 -0.4146693394334300
7145 0 -0.0011937467789900
7149 0 -0.0058547477655500
7152 0 -0.4764076579120800
7153 0 -0.0033799880377300
7154 0 0.0000032156356400
7155 0 -0.0003106600007200
7158 0 -0.0011673608969500
7159 0 -0.0334235403762200
7162 0 -0.0033799880377300
7163 0 -0.0147583051199100
7164 0 -0.3155009626194200
7165 0 0.0002325213482800
7166 0 -0.0016567588866500
7169 0 0.0017286998568600
7170 0 0.0051831587932000
7173 0 -0.0147583051199100
7174 0 0.0214691557750200
7175 0 -0.3069161444087900
7176 0 -0.0003418316323800
7179 0 -0.0013403195717100
7180 0 0.0008639967413100
7183 0 0.0009457594102400
7184 0 0.0016980044673600
7185 0 -0.3055628029054100
7188 0 0.0585817283435500
7189 0 -0.0048914778333100
7192 0 -0.0043266328876100
7193 0 0.0062370657618000
7194 0 -0.3035963994228800
7198 0 -0.0055552987742900
7202 0 -0.3035963994228800
7206 0 -0.0055552987742900
7209 0 -0.3097481503313700
7210 0 -0.0046162353337700
7213 0 -0.0024938748570300
7214 0 0.0003875609128200
7215 0 -0.2921026294276600
7218 0 0.1712699867465100
7219 0 0.0435762741995100
7220 0 -0.2760091569543900
7224 0 -0.2760091569543900
7227 0 -0.3155009626194200
7228 0 0.0214691557750200
7229 0 -0.8386533676807200
