110 0 1.0000000000000000
112 0 1.0000000000000000
115 0 1.0000000000000000
119 0 1.0000000000000000
124 0 1.0000000000000000
130 0 1.0000000000000000
137 0 1.0000000000000000
145 0 1.0000000000000000
154 0 1.0000000000000000
164 0 1.0000000000000000
165 0 1.0000000000000000
167 0 1.0000000000000000
170 0 1.0000000000000000
174 0 1.0000000000000000
179 0 1.0000000000000000
185 0 1.0000000000000000
192 0 1.0000000000000000
200 0 1.0000000000000000
209 0 1.0000000000000000
219 0 1.0000000000000000
7340 0 1.0000000000000000
7342 0 1.0000000000000000
7345 0 1.0000000000000000
7349 0 1.0000000000000000
7354 0 1.0000000000000000
7360 0 1.0000000000000000
7367 0 1.0000000000000000
7375 0 1.0000000000000000
7384 0 1.0000000000000000
7394 0 1.0000000000000000
7405 0 1.0000000000000000
7417 0 1.0000000000000000
7430 0 1.0000000000000000
7444 0 1.0000000000000000
7459 0 1.0000000000000000
7475 0 1.0000000000000000
7492 0 1.0000000000000000
7510 0 1.0000000000000000
7529 0 1.0000000000000000
7549 0 1.0000000000000000
7570 0 1.0000000000000000
7592 0 1.0000000000000000
7615 0 1.0000000000000000
7639 0 1.0000000000000000
7664 0 1.0000000000000000
7690 0 1.0000000000000000
7717 0 1.0000000000000000
7745 0 1.0000000000000000
7774 0 1.0000000000000000
7804 0 1.0000000000000000
7835 0 1.0000000000000000
7867 0 1.0000000000000000
7900 0 1.0000000000000000
7934 0 1.0000000000000000
7969 0 1.0000000000000000
8005 0 1.0000000000000000
8042 0 1.0000000000000000
8080 0 1.0000000000000000
8119 0 1.0000000000000000
8159 0 1.0000000000000000
8200 0 1.0000000000000000
8242 0 1.0000000000000000
8285 0 1.0000000000000000
8329 0 1.0000000000000000
8374 0 1.0000000000000000
8375 0 1.0000000000000000
8377 0 1.0000000000000000
8380 0 1.0000000000000000
8384 0 1.0000000000000000
8389 0 1.0000000000000000
8395 0 1.0000000000000000
8402 0 1.0000000000000000
8410 0 1.0000000000000000
8419 0 1.0000000000000000
8429 0 1.0000000000000000
8440 0 1.0000000000000000
8452 0 1.0000000000000000
8465 0 1.0000000000000000
8479 0 1.0000000000000000
8494 0 1.0000000000000000
8510 0 1.0000000000000000
8527 0 1.0000000000000000
8545 0 1.0000000000000000
8564 0 1.0000000000000000
8584 0 1.0000000000000000
8605 0 1.0000000000000000
8627 0 1.0000000000000000
8650 0 1.0000000000000000
8674 0 1.0000000000000000
8699 0 1.0000000000000000
8725 0 1.0000000000000000
8752 0 1.0000000000000000
8780 0 1.0000000000000000
8809 0 1.0000000000000000
8839 0 1.0000000000000000
8870 0 1.0000000000000000
8902 0 1.0000000000000000
8935 0 1.0000000000000000
8969 0 1.0000000000000000
9004 0 1.0000000000000000
9040 0 1.0000000000000000
9077 0 1.0000000000000000
9115 0 1.0000000000000000
9154 0 1.0000000000000000
9194 0 1.0000000000000000
9235 0 1.0000000000000000
9277 0 1.0000000000000000
9320 0 1.0000000000000000
9364 0 1.0000000000000000
9409 0 1.0000000000000000
9410 0 1.0000000000000000
9412 0 1.0000000000000000
9415 0 1.0000000000000000
9419 0 1.0000000000000000
9424 0 1.0000000000000000
9430 0 1.0000000000000000
9437 0 1.0000000000000000
9445 0 1.0000000000000000
9454 0 1.0000000000000000
9464 0 1.0000000000000000
9475 0 1.0000000000000000
9487 0 1.0000000000000000
9500 0 1.0000000000000000
9514 0 1.0000000000000000
9529 0 1.0000000000000000
9545 0 1.0000000000000000
9562 0 1.0000000000000000
9580 0 1.0000000000000000
9599 0 1.0000000000000000
9619 0 1.0000000000000000
9640 0 1.0000000000000000
9662 0 1.0000000000000000
9685 0 1.0000000000000000
9709 0 1.0000000000000000
9734 0 1.0000000000000000
9760 0 1.0000000000000000
9787 0 1.0000000000000000
9815 0 1.0000000000000000
9844 0 1.0000000000000000
9874 0 1.0000000000000000
9905 0 1.0000000000000000
9937 0 1.0000000000000000
9970 0 1.0000000000000000
10004 0 1.0000000000000000
10039 0 1.0000000000000000
10075 0 1.0000000000000000
10112 0 1.0000000000000000
10150 0 1.0000000000000000
10189 0 1.0000000000000000
10229 0 1.0000000000000000
10270 0 1.0000000000000000
10312 0 1.0000000000000000
10355 0 1.0000000000000000
10399 0 1.0000000000000000
10444 0 1.0000000000000000
10490 0 1.0000000000000000
10537 0 1.0000000000000000
10585 0 1.0000000000000000
10634 0 1.0000000000000000
10684 0 1.0000000000000000
10735 0 1.0000000000000000
10787 0 1.0000000000000000
10840 0 1.0000000000000000
10894 0 1.0000000000000000
10949 0 1.0000000000000000
11005 0 1.0000000000000000
11062 0 1.0000000000000000
11120 0 1.0000000000000000
11179 0 1.0000000000000000
11239 0 1.0000000000000000
11300 0 1.0000000000000000
11362 0 1.0000000000000000
11425 0 1.0000000000000000
11489 0 1.0000000000000000
11554 0 1.0000000000000000
11620 0 1.0000000000000000
11687 0 1.0000000000000000
11755 0 1.0000000000000000
11824 0 1.0000000000000000
11894 0 1.0000000000000000
11965 0 1.0000000000000000
12037 0 1.0000000000000000
12110 0 1.0000000000000000
12184 0 1.0000000000000000
12259 0 1.0000000000000000
12335 0 1.0000000000000000
12412 0 1.0000000000000000
12490 0 1.0000000000000000
12569 0 1.0000000000000000
12649 0 1.0000000000000000
12730 0 1.0000000000000000
12812 0 1.0000000000000000
12895 0 1.0000000000000000
12979 0 1.0000000000000000
13064 0 1.0000000000000000
13150 0 1.0000000000000000
13237 0 1.0000000000000000
13325 0 1.0000000000000000
13414 0 1.0000000000000000
13504 0 1.0000000000000000
13595 0 1.0000000000000000
13687 0 1.0000000000000000
13780 0 1.0000000000000000
13874 0 1.0000000000000000
13969 0 1.0000000000000000
14065 0 1.0000000000000000
14162 0 1.0000000000000000
14260 0 1.0000000000000000
14359 0 1.0000000000000000
14459 0 1.0000000000000000
44660 0 1.0000000000000000
44662 0 1.0000000000000000
44665 0 1.0000000000000000
44669 0 1.0000000000000000
44674 0 1.0000000000000000
44680 0 1.0000000000000000
44687 0 1.0000000000000000
44695 0 1.0000000000000000
44704 0 1.0000000000000000
44714 0 1.0000000000000000
44725 0 1.0000000000000000
44737 0 1.0000000000000000
44750 0 1.0000000000000000
44764 0 1.0000000000000000
44779 0 1.0000000000000000
44795 0 1.0000000000000000
44812 0 1.0000000000000000
44830 0 1.0000000000000000
44849 0 1.0000000000000000
44869 0 1.0000000000000000
44890 0 1.0000000000000000
44912 0 1.0000000000000000
44935 0 1.0000000000000000
44959 0 1.0000000000000000
44984 0 1.0000000000000000
45010 0 1.0000000000000000
45037 0 1.0000000000000000
45065 0 1.0000000000000000
45094 0 1.0000000000000000
45124 0 1.0000000000000000
45155 0 1.0000000000000000
45187 0 1.0000000000000000
45220 0 1.0000000000000000
45254 0 1.0000000000000000
45289 0 1.0000000000000000
45325 0 1.0000000000000000
45362 0 1.0000000000000000
45400 0 1.0000000000000000
45439 0 1.0000000000000000
45479 0 1.0000000000000000
45520 0 1.0000000000000000
45562 0 1.0000000000000000
45605 0 1.0000000000000000
45649 0 1.0000000000000000
45694 0 1.0000000000000000
45740 0 1.0000000000000000
45787 0 1.0000000000000000
45835 0 1.0000000000000000
45884 0 1.0000000000000000
45934 0 1.0000000000000000
45985 0 1.0000000000000000
46037 0 1.0000000000000000
46090 0 1.0000000000000000
46144 0 1.0000000000000000
46199 0 1.0000000000000000
46255 0 1.0000000000000000
46312 0 1.0000000000000000
46370 0 1.0000000000000000
46429 0 1.0000000000000000
46489 0 1.0000000000000000
46550 0 1.0000000000000000
46612 0 1.0000000000000000
46675 0 1.0000000000000000
46739 0 1.0000000000000000
46804 0 1.0000000000000000
46870 0 1.0000000000000000
46937 0 1.0000000000000000
47005 0 1.0000000000000000
47074 0 1.0000000000000000
47144 0 1.0000000000000000
47215 0 1.0000000000000000
47287 0 1.0000000000000000
47360 0 1.0000000000000000
47434 0 1.0000000000000000
47509 0 1.0000000000000000
47585 0 1.0000000000000000
47662 0 1.0000000000000000
47740 0 1.0000000000000000
47819 0 1.0000000000000000
47899 0 1.0000000000000000
47980 0 1.0000000000000000
48062 0 1.0000000000000000
48145 0 1.0000000000000000
48229 0 1.0000000000000000
48314 0 1.0000000000000000
48400 0 1.0000000000000000
48487 0 1.0000000000000000
48575 0 1.0000000000000000
48664 0 1.0000000000000000
48754 0 1.0000000000000000
48845 0 1.0000000000000000
48937 0 1.0000000000000000
49030 0 1.0000000000000000
49124 0 1.0000000000000000
49219 0 1.0000000000000000
49315 0 1.0000000000000000
49412 0 1.0000000000000000
49510 0 1.0000000000000000
49609 0 1.0000000000000000
49709 0 1.0000000000000000
49810 0 1.0000000000000000
49912 0 1.0000000000000000
50015 0 1.0000000000000000
50119 0 1.0000000000000000
50224 0 1.0000000000000000
50330 0 1.0000000000000000
50437 0 1.0000000000000000
50545 0 1.0000000000000000
50654 0 1.0000000000000000
50764 0 1.0000000000000000
50875 0 1.0000000000000000
50987 0 1.0000000000000000
51100 0 1.0000000000000000
51214 0 1.0000000000000000
51329 0 1.0000000000000000
51445 0 1.0000000000000000
51562 0 1.0000000000000000
51680 0 1.0000000000000000
51799 0 1.0000000000000000
51919 0 1.0000000000000000
51920 0 1.0000000000000000
51922 0 1.0000000000000000
51925 0 1.0000000000000000
51929 0 1.0000000000000000
51934 0 1.0000000000000000
51940 0 1.0000000000000000
51947 0 1.0000000000000000
51955 0 1.0000000000000000
51964 0 1.0000000000000000
51974 0 1.0000000000000000
51985 0 1.0000000000000000
51997 0 1.0000000000000000
52010 0 1.0000000000000000
52024 0 1.0000000000000000
52039 0 1.0000000000000000
52055 0 1.0000000000000000
52072 0 1.0000000000000000
52090 0 1.0000000000000000
52109 0 1.0000000000000000
52129 0 1.0000000000000000
52150 0 1.0000000000000000
52172 0 1.0000000000000000
52195 0 1.0000000000000000
52219 0 1.0000000000000000
52244 0 1.0000000000000000
52270 0 1.0000000000000000
52297 0 1.0000000000000000
52325 0 1.0000000000000000
52354 0 1.0000000000000000
52384 0 1.0000000000000000
52415 0 1.0000000000000000
52447 0 1.0000000000000000
52480 0 1.0000000000000000
52514 0 1.0000000000000000
52549 0 1.0000000000000000
52585 0 1.0000000000000000
52622 0 1.0000000000000000
52660 0 1.0000000000000000
52699 0 1.0000000000000000
52739 0 1.0000000000000000
52780 0 1.0000000000000000
52822 0 1.0000000000000000
52865 0 1.0000000000000000
52909 0 1.0000000000000000
52954 0 1.0000000000000000
53000 0 1.0000000000000000
53047 0 1.0000000000000000
53095 0 1.0000000000000000
53144 0 1.0000000000000000
53194 0 1.0000000000000000
53245 0 1.0000000000000000
53297 0 1.0000000000000000
53350 0 1.0000000000000000
53404 0 1.0000000000000000
53459 0 1.0000000000000000
53515 0 1.0000000000000000
53572 0 1.0000000000000000
53630 0 1.0000000000000000
53689 0 1.0000000000000000
53749 0 1.0000000000000000
53810 0 1.0000000000000000
53872 0 1.0000000000000000
53935 0 1.0000000000000000
53999 0 1.0000000000000000
54064 0 1.0000000000000000
54130 0 1.0000000000000000
54197 0 1.0000000000000000
54265 0 1.0000000000000000
54334 0 1.0000000000000000
54404 0 1.0000000000000000
54475 0 1.0000000000000000
54547 0 1.0000000000000000
54620 0 1.0000000000000000
54694 0 1.0000000000000000
54769 0 1.0000000000000000
54845 0 1.0000000000000000
54922 0 1.0000000000000000
55000 0 1.0000000000000000
55079 0 1.0000000000000000
55159 0 1.0000000000000000
55240 0 1.0000000000000000
55322 0 1.0000000000000000
55405 0 1.0000000000000000
55489 0 1.0000000000000000
55574 0 1.0000000000000000
55660 0 1.0000000000000000
55747 0 1.0000000000000000
55835 0 1.0000000000000000
55924 0 1.0000000000000000
56014 0 1.0000000000000000
56105 0 1.0000000000000000
56197 0 1.0000000000000000
56290 0 1.0000000000000000
56384 0 1.0000000000000000
56479 0 1.0000000000000000
56575 0 1.0000000000000000
56672 0 1.0000000000000000
56770 0 1.0000000000000000
56869 0 1.0000000000000000
56969 0 1.0000000000000000
57070 0 1.0000000000000000
57172 0 1.0000000000000000
57275 0 1.0000000000000000
57379 0 1.0000000000000000
57484 0 1.0000000000000000
57590 0 1.0000000000000000
57697 0 1.0000000000000000
57805 0 1.0000000000000000
57914 0 1.0000000000000000
58024 0 1.0000000000000000
58135 0 1.0000000000000000
58247 0 1.0000000000000000
58360 0 1.0000000000000000
58474 0 1.0000000000000000
58589 0 1.0000000000000000
58705 0 1.0000000000000000
58822 0 1.0000000000000000
58940 0 1.0000000000000000
59059 0 1.0000000000000000
59179 0 1.0000000000000000
59300 0 1.0000000000000000
59422 0 1.0000000000000000
59545 0 1.0000000000000000
59669 0 1.0000000000000000
59794 0 1.0000000000000000
59920 0 1.0000000000000000
60047 0 1.0000000000000000
60175 0 1.0000000000000000
60304 0 1.0000000000000000
60434 0 1.0000000000000000
60565 0 1.0000000000000000
60697 0 1.0000000000000000
60830 0 1.0000000000000000
60964 0 1.0000000000000000
61099 0 1.0000000000000000
61235 0 1.0000000000000000
61372 0 1.0000000000000000
61510 0 1.0000000000000000
61649 0 1.0000000000000000
61789 0 1.0000000000000000
61930 0 1.0000000000000000
62072 0 1.0000000000000000
62215 0 1.0000000000000000
62359 0 1.0000000000000000
62504 0 1.0000000000000000
62650 0 1.0000000000000000
62797 0 1.0000000000000000
62945 0 1.0000000000000000
63094 0 1.0000000000000000
63244 0 1.0000000000000000
63395 0 1.0000000000000000
63547 0 1.0000000000000000
63700 0 1.0000000000000000
63854 0 1.0000000000000000
64009 0 1.0000000000000000
64165 0 1.0000000000000000
64322 0 1.0000000000000000
64480 0 1.0000000000000000
64639 0 1.0000000000000000
64799 0 1.0000000000000000
64960 0 1.0000000000000000
65122 0 1.0000000000000000
65285 0 1.0000000000000000
65449 0 1.0000000000000000
65614 0 1.0000000000000000
65780 0 1.0000000000000000
65947 0 1.0000000000000000
66115 0 1.0000000000000000
66284 0 1.0000000000000000
66454 0 1.0000000000000000
66625 0 1.0000000000000000
66797 0 1.0000000000000000
66970 0 1.0000000000000000
67144 0 1.0000000000000000
67319 0 1.0000000000000000
67495 0 1.0000000000000000
67672 0 1.0000000000000000
67850 0 1.0000000000000000
68029 0 1.0000000000000000
68209 0 1.0000000000000000
68390 0 1.0000000000000000
68572 0 1.0000000000000000
68755 0 1.0000000000000000
68939 0 1.0000000000000000
69124 0 1.0000000000000000
69310 0 1.0000000000000000
69497 0 1.0000000000000000
69685 0 1.0000000000000000
69874 0 1.0000000000000000
70064 0 1.0000000000000000
70255 0 1.0000000000000000
70447 0 1.0000000000000000
70640 0 1.0000000000000000
70834 0 1.0000000000000000
71029 0 1.0000000000000000
71225 0 1.0000000000000000
71422 0 1.0000000000000000
71620 0 1.0000000000000000
71819 0 1.0000000000000000
72019 0 1.0000000000000000
72220 0 1.0000000000000000
72422 0 1.0000000000000000
72625 0 1.0000000000000000
72829 0 1.0000000000000000
73034 0 1.0000000000000000
73240 0 1.0000000000000000
73447 0 1.0000000000000000
73655 0 1.0000000000000000
73864 0 1.0000000000000000
74074 0 1.0000000000000000
74285 0 1.0000000000000000
74497 0 1.0000000000000000
74710 0 1.0000000000000000
74924 0 1.0000000000000000
75139 0 1.0000000000000000
75355 0 1.0000000000000000
75572 0 1.0000000000000000
75790 0 1.0000000000000000
76009 0 1.0000000000000000
76229 0 1.0000000000000000
76450 0 1.0000000000000000
76672 0 1.0000000000000000
76895 0 1.0000000000000000
77119 0 1.0000000000000000
77344 0 1.0000000000000000
77570 0 1.0000000000000000
77797 0 1.0000000000000000
78025 0 1.0000000000000000
78254 0 1.0000000000000000
78484 0 1.0000000000000000
78715 0 1.0000000000000000
78947 0 1.0000000000000000
79180 0 1.0000000000000000
79414 0 1.0000000000000000
79649 0 1.0000000000000000
79885 0 1.0000000000000000
80122 0 1.0000000000000000
80360 0 1.0000000000000000
80599 0 1.0000000000000000
80839 0 1.0000000000000000
81080 0 1.0000000000000000
81322 0 1.0000000000000000
81565 0 1.0000000000000000
81809 0 1.0000000000000000
82054 0 1.0000000000000000
82300 0 1.0000000000000000
82547 0 1.0000000000000000
82795 0 1.0000000000000000
83044 0 1.0000000000000000
83294 0 1.0000000000000000
83545 0 1.0000000000000000
83797 0 1.0000000000000000
84050 0 1.0000000000000000
84304 0 1.0000000000000000
84559 0 1.0000000000000000
84815 0 1.0000000000000000
85072 0 1.0000000000000000
85330 0 1.0000000000000000
85589 0 1.0000000000000000
85849 0 1.0000000000000000
86110 0 1.0000000000000000
86372 0 1.0000000000000000
86635 0 1.0000000000000000
86899 0 1.0000000000000000
87164 0 1.0000000000000000
87430 0 1.0000000000000000
87697 0 1.0000000000000000
87965 0 1.0000000000000000
88234 0 1.0000000000000000
88504 0 1.0000000000000000
88775 0 1.0000000000000000
89047 0 1.0000000000000000
89320 0 1.0000000000000000
89594 0 1.0000000000000000
89869 0 1.0000000000000000
90145 0 1.0000000000000000
90422 0 1.0000000000000000
90700 0 1.0000000000000000
90979 0 1.0000000000000000
91259 0 1.0000000000000000
91540 0 1.0000000000000000
91822 0 1.0000000000000000
92105 0 1.0000000000000000
92389 0 1.0000000000000000
92674 0 1.0000000000000000
92960 0 1.0000000000000000
93247 0 1.0000000000000000
93535 0 1.0000000000000000
93824 0 1.0000000000000000
94114 0 1.0000000000000000
94405 0 1.0000000000000000
94697 0 1.0000000000000000
94990 0 1.0000000000000000
95284 0 1.0000000000000000
95579 0 1.0000000000000000
95875 0 1.0000000000000000
96172 0 1.0000000000000000
96470 0 1.0000000000000000
96769 0 1.0000000000000000
97069 0 1.0000000000000000
97370 0 1.0000000000000000
97672 0 1.0000000000000000
97975 0 1.0000000000000000
98279 0 1.0000000000000000
98584 0 1.0000000000000000
98890 0 1.0000000000000000
99197 0 1.0000000000000000
99505 0 1.0000000000000000
99814 0 1.0000000000000000
100124 0 1.0000000000000000
100435 0 1.0000000000000000
100747 0 1.0000000000000000
101060 0 1.0000000000000000
101374 0 1.0000000000000000
101689 0 1.0000000000000000
102005 0 1.0000000000000000
102322 0 1.0000000000000000
102640 0 1.0000000000000000
102959 0 1.0000000000000000
103279 0 1.0000000000000000
103600 0 1.0000000000000000
103922 0 1.0000000000000000
104245 0 1.0000000000000000
104569 0 1.0000000000000000
104894 0 1.0000000000000000
105220 0 1.0000000000000000
105547 0 1.0000000000000000
105875 0 1.0000000000000000
106204 0 1.0000000000000000
106534 0 1.0000000000000000
106865 0 1.0000000000000000
107197 0 1.0000000000000000
107530 0 1.0000000000000000
107864 0 1.0000000000000000
108199 0 1.0000000000000000
108535 0 1.0000000000000000
108872 0 1.0000000000000000
109210 0 1.0000000000000000
109549 0 1.0000000000000000
109889 0 1.0000000000000000
110230 0 1.0000000000000000
110572 0 1.0000000000000000
110915 0 1.0000000000000000
111259 0 1.0000000000000000
111604 0 1.0000000000000000
111950 0 1.0000000000000000
112297 0 1.0000000000000000
112645 0 1.0000000000000000
112994 0 1.0000000000000000
113344 0 1.0000000000000000
113695 0 1.0000000000000000
114047 0 1.0000000000000000
114400 0 1.0000000000000000
114754 0 1.0000000000000000
115109 0 1.0000000000000000
115465 0 1.0000000000000000
115822 0 1.0000000000000000
116180 0 1.0000000000000000
116539 0 1.0000000000000000
116899 0 1.0000000000000000
117260 0 1.0000000000000000
117622 0 1.0000000000000000
117985 0 1.0000000000000000
118349 0 1.0000000000000000
118714 0 1.0000000000000000
119080 0 1.0000000000000000
119447 0 1.0000000000000000
119815 0 1.0000000000000000
120184 0 1.0000000000000000
120554 0 1.0000000000000000
120925 0 1.0000000000000000
121297 0 1.0000000000000000
121670 0 1.0000000000000000
122044 0 1.0000000000000000
122419 0 1.0000000000000000
122795 0 1.0000000000000000
123172 0 1.0000000000000000
123550 0 1.0000000000000000
123929 0 1.0000000000000000
124309 0 1.0000000000000000
124690 0 1.0000000000000000
125072 0 1.0000000000000000
125455 0 1.0000000000000000
125839 0 1.0000000000000000
126224 0 1.0000000000000000
126610 0 1.0000000000000000
126997 0 1.0000000000000000
127385 0 1.0000000000000000
127774 0 1.0000000000000000
128164 0 1.0000000000000000
128555 0 1.0000000000000000
128947 0 1.0000000000000000
129340 0 1.0000000000000000
129734 0 1.0000000000000000
130129 0 1.0000000000000000
130525 0 1.0000000000000000
130922 0 1.0000000000000000
131320 0 1.0000000000000000
131719 0 1.0000000000000000
132119 0 1.0000000000000000
132520 0 1.0000000000000000
132922 0 1.0000000000000000
133325 0 1.0000000000000000
133729 0 1.0000000000000000
134134 0 1.0000000000000000
134540 0 1.0000000000000000
134947 0 1.0000000000000000
135355 0 1.0000000000000000
135764 0 1.0000000000000000
136174 0 1.0000000000000000
136585 0 1.0000000000000000
136997 0 1.0000000000000000
137410 0 1.0000000000000000
137824 0 1.0000000000000000
138239 0 1.0000000000000000
138655 0 1.0000000000000000
139072 0 1.0000000000000000
139490 0 1.0000000000000000
139909 0 1.0000000000000000
140329 0 1.0000000000000000
140750 0 1.0000000000000000
141172 0 1.0000000000000000
141595 0 1.0000000000000000
142019 0 1.0000000000000000
142444 0 1.0000000000000000
142870 0 1.0000000000000000
143297 0 1.0000000000000000
143725 0 1.0000000000000000
144154 0 1.0000000000000000
144584 0 1.0000000000000000
145015 0 1.0000000000000000
145447 0 1.0000000000000000
145880 0 1.0000000000000000
146314 0 1.0000000000000000
146749 0 1.0000000000000000
147185 0 1.0000000000000000
147622 0 1.0000000000000000
148060 0 1.0000000000000000
148499 0 1.0000000000000000
148939 0 1.0000000000000000
149380 0 1.0000000000000000
149822 0 1.0000000000000000
150265 0 1.0000000000000000
150709 0 1.0000000000000000
151154 0 1.0000000000000000
151600 0 1.0000000000000000
152047 0 1.0000000000000000
152495 0 1.0000000000000000
152944 0 1.0000000000000000
153394 0 1.0000000000000000
153395 0 1.0000000000000000
153397 0 1.0000000000000000
153400 0 1.0000000000000000
153404 0 1.0000000000000000
153409 0 1.0000000000000000
153415 0 1.0000000000000000
153422 0 1.0000000000000000
153430 0 1.0000000000000000
153439 0 1.0000000000000000
153449 0 1.0000000000000000
153460 0 1.0000000000000000
153472 0 1.0000000000000000
153485 0 1.0000000000000000
153499 0 1.0000000000000000
153514 0 1.0000000000000000
153530 0 1.0000000000000000
153547 0 1.0000000000000000
153565 0 1.0000000000000000
153584 0 1.0000000000000000
153604 0 1.0000000000000000
153625 0 1.0000000000000000
153647 0 1.0000000000000000
153670 0 1.0000000000000000
153694 0 1.0000000000000000
153719 0 1.0000000000000000
153745 0 1.0000000000000000
153772 0 1.0000000000000000
153800 0 1.0000000000000000
153829 0 1.0000000000000000
153859 0 1.0000000000000000
153890 0 1.0000000000000000
153922 0 1.0000000000000000
153955 0 1.0000000000000000
153989 0 1.0000000000000000
154024 0 1.0000000000000000
154060 0 1.0000000000000000
154097 0 1.0000000000000000
154135 0 1.0000000000000000
154174 0 1.0000000000000000
154214 0 1.0000000000000000
154255 0 1.0000000000000000
154297 0 1.0000000000000000
154340 0 1.0000000000000000
154384 0 1.0000000000000000
154429 0 1.0000000000000000
154475 0 1.0000000000000000
154522 0 1.0000000000000000
154570 0 1.0000000000000000
154619 0 1.0000000000000000
154669 0 1.0000000000000000
154720 0 1.0000000000000000
154772 0 1.0000000000000000
154825 0 1.0000000000000000
154879 0 1.0000000000000000
154934 0 1.0000000000000000
154990 0 1.0000000000000000
155047 0 1.0000000000000000
155105 0 1.0000000000000000
155164 0 1.0000000000000000
155224 0 1.0000000000000000
155285 0 1.0000000000000000
155347 0 1.0000000000000000
155410 0 1.0000000000000000
155474 0 1.0000000000000000
155539 0 1.0000000000000000
155605 0 1.0000000000000000
155672 0 1.0000000000000000
155740 0 1.0000000000000000
155809 0 1.0000000000000000
155879 0 1.0000000000000000
155950 0 1.0000000000000000
156022 0 1.0000000000000000
156095 0 1.0000000000000000
156169 0 1.0000000000000000
156244 0 1.0000000000000000
156320 0 1.0000000000000000
156397 0 1.0000000000000000
156475 0 1.0000000000000000
156554 0 1.0000000000000000
156634 0 1.0000000000000000
156715 0 1.0000000000000000
156797 0 1.0000000000000000
156880 0 1.0000000000000000
156964 0 1.0000000000000000
157049 0 1.0000000000000000
157135 0 1.0000000000000000
157222 0 1.0000000000000000
157310 0 1.0000000000000000
157399 0 1.0000000000000000
157489 0 1.0000000000000000
157580 0 1.0000000000000000
157672 0 1.0000000000000000
157765 0 1.0000000000000000
157859 0 1.0000000000000000
157954 0 1.0000000000000000
158050 0 1.0000000000000000
158147 0 1.0000000000000000
158245 0 1.0000000000000000
158344 0 1.0000000000000000
158444 0 1.0000000000000000
158545 0 1.0000000000000000
158647 0 1.0000000000000000
158750 0 1.0000000000000000
158854 0 1.0000000000000000
158959 0 1.0000000000000000
159065 0 1.0000000000000000
159172 0 1.0000000000000000
159280 0 1.0000000000000000
159389 0 1.0000000000000000
159499 0 1.0000000000000000
159610 0 1.0000000000000000
159722 0 1.0000000000000000
159835 0 1.0000000000000000
159949 0 1.0000000000000000
160064 0 1.0000000000000000
160180 0 1.0000000000000000
160297 0 1.0000000000000000
160415 0 1.0000000000000000
160534 0 1.0000000000000000
160654 0 1.0000000000000000
160775 0 1.0000000000000000
160897 0 1.0000000000000000
161020 0 1.0000000000000000
161144 0 1.0000000000000000
161269 0 1.0000000000000000
161395 0 1.0000000000000000
161522 0 1.0000000000000000
161650 0 1.0000000000000000
161779 0 1.0000000000000000
161909 0 1.0000000000000000
162040 0 1.0000000000000000
162172 0 1.0000000000000000
162305 0 1.0000000000000000
162439 0 1.0000000000000000
162574 0 1.0000000000000000
162710 0 1.0000000000000000
162847 0 1.0000000000000000
162985 0 1.0000000000000000
163124 0 1.0000000000000000
163264 0 1.0000000000000000
163405 0 1.0000000000000000
163547 0 1.0000000000000000
163690 0 1.0000000000000000
163834 0 1.0000000000000000
163979 0 1.0000000000000000
164125 0 1.0000000000000000
164272 0 1.0000000000000000
164420 0 1.0000000000000000
164569 0 1.0000000000000000
164719 0 1.0000000000000000
164870 0 1.0000000000000000
165022 0 1.0000000000000000
165175 0 1.0000000000000000
165329 0 1.0000000000000000
165484 0 1.0000000000000000
165640 0 1.0000000000000000
165797 0 1.0000000000000000
165955 0 1.0000000000000000
166114 0 1.0000000000000000
166274 0 1.0000000000000000
166435 0 1.0000000000000000
166597 0 1.0000000000000000
166760 0 1.0000000000000000
166924 0 1.0000000000000000
167089 0 1.0000000000000000
167255 0 1.0000000000000000
167422 0 1.0000000000000000
167590 0 1.0000000000000000
167759 0 1.0000000000000000
167929 0 1.0000000000000000
168100 0 1.0000000000000000
168272 0 1.0000000000000000
168445 0 1.0000000000000000
168619 0 1.0000000000000000
168794 0 1.0000000000000000
168970 0 1.0000000000000000
169147 0 1.0000000000000000
169325 0 1.0000000000000000
169504 0 1.0000000000000000
169684 0 1.0000000000000000
169865 0 1.0000000000000000
170047 0 1.0000000000000000
170230 0 1.0000000000000000
170414 0 1.0000000000000000
170599 0 1.0000000000000000
170785 0 1.0000000000000000
170972 0 1.0000000000000000
171160 0 1.0000000000000000
171349 0 1.0000000000000000
171539 0 1.0000000000000000
171730 0 1.0000000000000000
171922 0 1.0000000000000000
172115 0 1.0000000000000000
172309 0 1.0000000000000000
172504 0 1.0000000000000000
172700 0 1.0000000000000000
172897 0 1.0000000000000000
173095 0 1.0000000000000000
173294 0 1.0000000000000000
173494 0 1.0000000000000000
173695 0 1.0000000000000000
173897 0 1.0000000000000000
174100 0 1.0000000000000000
174304 0 1.0000000000000000
174509 0 1.0000000000000000
174715 0 1.0000000000000000
174922 0 1.0000000000000000
175130 0 1.0000000000000000
175339 0 1.0000000000000000
175549 0 1.0000000000000000
175760 0 1.0000000000000000
175972 0 1.0000000000000000
176185 0 1.0000000000000000
176399 0 1.0000000000000000
176614 0 1.0000000000000000
176830 0 1.0000000000000000
177047 0 1.0000000000000000
177265 0 1.0000000000000000
177484 0 1.0000000000000000
177704 0 1.0000000000000000
177925 0 1.0000000000000000
178147 0 1.0000000000000000
178370 0 1.0000000000000000
178594 0 1.0000000000000000
178819 0 1.0000000000000000
179045 0 1.0000000000000000
179272 0 1.0000000000000000
179500 0 1.0000000000000000
179729 0 1.0000000000000000
179959 0 1.0000000000000000
180190 0 1.0000000000000000
180422 0 1.0000000000000000
180655 0 1.0000000000000000
180889 0 1.0000000000000000
181124 0 1.0000000000000000
181360 0 1.0000000000000000
181597 0 1.0000000000000000
181835 0 1.0000000000000000
182074 0 1.0000000000000000
182314 0 1.0000000000000000
182555 0 1.0000000000000000
182797 0 1.0000000000000000
183040 0 1.0000000000000000
183284 0 1.0000000000000000
183529 0 1.0000000000000000
183775 0 1.0000000000000000
184022 0 1.0000000000000000
184270 0 1.0000000000000000
184519 0 1.0000000000000000
184769 0 1.0000000000000000
185020 0 1.0000000000000000
185272 0 1.0000000000000000
185525 0 1.0000000000000000
185779 0 1.0000000000000000
186034 0 1.0000000000000000
186290 0 1.0000000000000000
186547 0 1.0000000000000000
186805 0 1.0000000000000000
187064 0 1.0000000000000000
187324 0 1.0000000000000000
187585 0 1.0000000000000000
187847 0 1.0000000000000000
188110 0 1.0000000000000000
188374 0 1.0000000000000000
188639 0 1.0000000000000000
188905 0 1.0000000000000000
189172 0 1.0000000000000000
189440 0 1.0000000000000000
189709 0 1.0000000000000000
189979 0 1.0000000000000000
190250 0 1.0000000000000000
190522 0 1.0000000000000000
190795 0 1.0000000000000000
191069 0 1.0000000000000000
191344 0 1.0000000000000000
191620 0 1.0000000000000000
191897 0 1.0000000000000000
192175 0 1.0000000000000000
192454 0 1.0000000000000000
192734 0 1.0000000000000000
193015 0 1.0000000000000000
193297 0 1.0000000000000000
193580 0 1.0000000000000000
193864 0 1.0000000000000000
194149 0 1.0000000000000000
194435 0 1.0000000000000000
194722 0 1.0000000000000000
195010 0 1.0000000000000000
195299 0 1.0000000000000000
195589 0 1.0000000000000000
195880 0 1.0000000000000000
196172 0 1.0000000000000000
196465 0 1.0000000000000000
196759 0 1.0000000000000000
197054 0 1.0000000000000000
197350 0 1.0000000000000000
197647 0 1.0000000000000000
197945 0 1.0000000000000000
198244 0 1.0000000000000000
198544 0 1.0000000000000000
198845 0 1.0000000000000000
199147 0 1.0000000000000000
199450 0 1.0000000000000000
199754 0 1.0000000000000000
200059 0 1.0000000000000000
200365 0 1.0000000000000000
200672 0 1.0000000000000000
200980 0 1.0000000000000000
201289 0 1.0000000000000000
201599 0 1.0000000000000000
201910 0 1.0000000000000000
202222 0 1.0000000000000000
202535 0 1.0000000000000000
202849 0 1.0000000000000000
203164 0 1.0000000000000000
203480 0 1.0000000000000000
203797 0 1.0000000000000000
204115 0 1.0000000000000000
204434 0 1.0000000000000000
204754 0 1.0000000000000000
205075 0 1.0000000000000000
205397 0 1.0000000000000000
205720 0 1.0000000000000000
206044 0 1.0000000000000000
206369 0 1.0000000000000000
206695 0 1.0000000000000000
207022 0 1.0000000000000000
207350 0 1.0000000000000000
207679 0 1.0000000000000000
208009 0 1.0000000000000000
208340 0 1.0000000000000000
208672 0 1.0000000000000000
209005 0 1.0000000000000000
209339 0 1.0000000000000000
209674 0 1.0000000000000000
210010 0 1.0000000000000000
210347 0 1.0000000000000000
210685 0 1.0000000000000000
211024 0 1.0000000000000000
211364 0 1.0000000000000000
211705 0 1.0000000000000000
212047 0 1.0000000000000000
212390 0 1.0000000000000000
212734 0 1.0000000000000000
213079 0 1.0000000000000000
213425 0 1.0000000000000000
213772 0 1.0000000000000000
214120 0 1.0000000000000000
214469 0 1.0000000000000000
214819 0 1.0000000000000000
215170 0 1.0000000000000000
215522 0 1.0000000000000000
215875 0 1.0000000000000000
216229 0 1.0000000000000000
216584 0 1.0000000000000000
216940 0 1.0000000000000000
217297 0 1.0000000000000000
217655 0 1.0000000000000000
218014 0 1.0000000000000000
218374 0 1.0000000000000000
218735 0 1.0000000000000000
219097 0 1.0000000000000000
219460 0 1.0000000000000000
219824 0 1.0000000000000000
220189 0 1.0000000000000000
220555 0 1.0000000000000000
220922 0 1.0000000000000000
221290 0 1.0000000000000000
221659 0 1.0000000000000000
222029 0 1.0000000000000000
222400 0 1.0000000000000000
222772 0 1.0000000000000000
223145 0 1.0000000000000000
223519 0 1.0000000000000000
223894 0 1.0000000000000000
224270 0 1.0000000000000000
224647 0 1.0000000000000000
225025 0 1.0000000000000000
225404 0 1.0000000000000000
225784 0 1.0000000000000000
226165 0 1.0000000000000000
226547 0 1.0000000000000000
226930 0 1.0000000000000000
227314 0 1.0000000000000000
227699 0 1.0000000000000000
228085 0 1.0000000000000000
228472 0 1.0000000000000000
228860 0 1.0000000000000000
229249 0 1.0000000000000000
229639 0 1.0000000000000000
230030 0 1.0000000000000000
230422 0 1.0000000000000000
230815 0 1.0000000000000000
231209 0 1.0000000000000000
231604 0 1.0000000000000000
232000 0 1.0000000000000000
232397 0 1.0000000000000000
232795 0 1.0000000000000000
233194 0 1.0000000000000000
233594 0 1.0000000000000000
233995 0 1.0000000000000000
234397 0 1.0000000000000000
234800 0 1.0000000000000000
235204 0 1.0000000000000000
235609 0 1.0000000000000000
236015 0 1.0000000000000000
236422 0 1.0000000000000000
236830 0 1.0000000000000000
237239 0 1.0000000000000000
237649 0 1.0000000000000000
238060 0 1.0000000000000000
238472 0 1.0000000000000000
238885 0 1.0000000000000000
239299 0 1.0000000000000000
239714 0 1.0000000000000000
240130 0 1.0000000000000000
240547 0 1.0000000000000000
240965 0 1.0000000000000000
241384 0 1.0000000000000000
241804 0 1.0000000000000000
242225 0 1.0000000000000000
242647 0 1.0000000000000000
243070 0 1.0000000000000000
243494 0 1.0000000000000000
243919 0 1.0000000000000000
244345 0 1.0000000000000000
244772 0 1.0000000000000000
245200 0 1.0000000000000000
245629 0 1.0000000000000000
246059 0 1.0000000000000000
246490 0 1.0000000000000000
246922 0 1.0000000000000000
247355 0 1.0000000000000000
247789 0 1.0000000000000000
248224 0 1.0000000000000000
248660 0 1.0000000000000000
249097 0 1.0000000000000000
249535 0 1.0000000000000000
249974 0 1.0000000000000000
250414 0 1.0000000000000000
250855 0 1.0000000000000000
251297 0 1.0000000000000000
251740 0 1.0000000000000000
252184 0 1.0000000000000000
252629 0 1.0000000000000000
253075 0 1.0000000000000000
253522 0 1.0000000000000000
253970 0 1.0000000000000000
254419 0 1.0000000000000000
254869 0 1.0000000000000000
254870 0 1.0000000000000000
254872 0 1.0000000000000000
254875 0 1.0000000000000000
254879 0 1.0000000000000000
254884 0 1.0000000000000000
254890 0 1.0000000000000000
254897 0 1.0000000000000000
254905 0 1.0000000000000000
254914 0 1.0000000000000000
254924 0 1.0000000000000000
254935 0 1.0000000000000000
254947 0 1.0000000000000000
254960 0 1.0000000000000000
254974 0 1.0000000000000000
254989 0 1.0000000000000000
255005 0 1.0000000000000000
255022 0 1.0000000000000000
255040 0 1.0000000000000000
255059 0 1.0000000000000000
255079 0 1.0000000000000000
255100 0 1.0000000000000000
255122 0 1.0000000000000000
255145 0 1.0000000000000000
255169 0 1.0000000000000000
255194 0 1.0000000000000000
255220 0 1.0000000000000000
255247 0 1.0000000000000000
255275 0 1.0000000000000000
255304 0 1.0000000000000000
255334 0 1.0000000000000000
255365 0 1.0000000000000000
255397 0 1.0000000000000000
255430 0 1.0000000000000000
255464 0 1.0000000000000000
255499 0 1.0000000000000000
255535 0 1.0000000000000000
255572 0 1.0000000000000000
255610 0 1.0000000000000000
255649 0 1.0000000000000000
255689 0 1.0000000000000000
255730 0 1.0000000000000000
255772 0 1.0000000000000000
255815 0 1.0000000000000000
255859 0 1.0000000000000000
255904 0 1.0000000000000000
255950 0 1.0000000000000000
255997 0 1.0000000000000000
256045 0 1.0000000000000000
256094 0 1.0000000000000000
256144 0 1.0000000000000000
256195 0 1.0000000000000000
256247 0 1.0000000000000000
256300 0 1.0000000000000000
256354 0 1.0000000000000000
256409 0 1.0000000000000000
256465 0 1.0000000000000000
256522 0 1.0000000000000000
256580 0 1.0000000000000000
256639 0 1.0000000000000000
256699 0 1.0000000000000000
256760 0 1.0000000000000000
256822 0 1.0000000000000000
256885 0 1.0000000000000000
256949 0 1.0000000000000000
257014 0 1.0000000000000000
257080 0 1.0000000000000000
257147 0 1.0000000000000000
257215 0 1.0000000000000000
257284 0 1.0000000000000000
257354 0 1.0000000000000000
257425 0 1.0000000000000000
257497 0 1.0000000000000000
257570 0 1.0000000000000000
257644 0 1.0000000000000000
257719 0 1.0000000000000000
257795 0 1.0000000000000000
257872 0 1.0000000000000000
257950 0 1.0000000000000000
258029 0 1.0000000000000000
258109 0 1.0000000000000000
258190 0 1.0000000000000000
258272 0 1.0000000000000000
258355 0 1.0000000000000000
258439 0 1.0000000000000000
258524 0 1.0000000000000000
258610 0 1.0000000000000000
258697 0 1.0000000000000000
258785 0 1.0000000000000000
258874 0 1.0000000000000000
258964 0 1.0000000000000000
259055 0 1.0000000000000000
259147 0 1.0000000000000000
259240 0 1.0000000000000000
259334 0 1.0000000000000000
259429 0 1.0000000000000000
259525 0 1.0000000000000000
259622 0 1.0000000000000000
259720 0 1.0000000000000000
259819 0 1.0000000000000000
259919 0 1.0000000000000000
260020 0 1.0000000000000000
260122 0 1.0000000000000000
260225 0 1.0000000000000000
260329 0 1.0000000000000000
260434 0 1.0000000000000000
260540 0 1.0000000000000000
260647 0 1.0000000000000000
260755 0 1.0000000000000000
260864 0 1.0000000000000000
260974 0 1.0000000000000000
261085 0 1.0000000000000000
261197 0 1.0000000000000000
261310 0 1.0000000000000000
261424 0 1.0000000000000000
261539 0 1.0000000000000000
261655 0 1.0000000000000000
261772 0 1.0000000000000000
261890 0 1.0000000000000000
262009 0 1.0000000000000000
262129 0 1.0000000000000000
2569030 0 -13.9999900000000004
2569032 0 14.0000099999999996
2569035 0 0.0000100000000000
2569039 0 0.0000100000000000
2569044 0 0.0000100000000000
2569050 0 0.0000100000000000
2569057 0 0.0000100000000000
2569065 0 0.0000100000000000
2569074 0 0.0000100000000000
2569084 0 0.0000100000000000
2569095 0 0.0000100000000000
2569107 0 0.0000100000000000
2569120 0 0.0000100000000000
2569134 0 0.0000100000000000
2569149 0 0.0000100000000000
2569165 0 0.0000100000000000
2569182 0 0.0000100000000000
2569200 0 0.0000100000000000
2569219 0 0.0000100000000000
2569239 0 0.0000100000000000
2569260 0 0.0000100000000000
2569282 0 0.0000100000000000
2569305 0 0.0000100000000000
2569329 0 0.0000100000000000
2569354 0 0.0000100000000000
2569380 0 0.0000100000000000
2569407 0 0.0000100000000000
2569435 0 0.0000100000000000
2569464 0 0.0000100000000000
2569494 0 0.0000100000000000
2569525 0 0.0000100000000000
2569557 0 0.0000100000000000
2569590 0 0.0000100000000000
2569624 0 0.0000100000000000
2569659 0 0.0000100000000000
2569695 0 0.0000100000000000
2569732 0 0.0000100000000000
2569770 0 0.0000100000000000
2569809 0 0.0000100000000000
2569849 0 0.0000100000000000
2569890 0 0.0000100000000000
2569932 0 0.0000100000000000
2569975 0 0.0000100000000000
2570019 0 0.0000100000000000
2570064 0 0.0000100000000000
2570110 0 0.0000100000000000
2570157 0 0.0000100000000000
2570205 0 0.0000100000000000
2570254 0 0.0000100000000000
2570304 0 0.0000100000000000
2570355 0 0.0000100000000000
2570407 0 0.0000100000000000
2570460 0 0.0000100000000000
2570514 0 0.0000100000000000
2570569 0 0.0000100000000000
2570625 0 0.0000100000000000
2570682 0 0.0000100000000000
2570740 0 0.0000100000000000
2570799 0 0.0000100000000000
2570859 0 0.0000100000000000
2570920 0 0.0000100000000000
2570982 0 0.0000100000000000
2571045 0 0.0000100000000000
2571109 0 0.0000100000000000
2571174 0 0.0000100000000000
2571240 0 0.0000100000000000
2571307 0 0.0000100000000000
2571375 0 0.0000100000000000
2571444 0 0.0000100000000000
2571514 0 0.0000100000000000
2571585 0 0.0000100000000000
2571657 0 0.0000100000000000
2571730 0 0.0000100000000000
2571804 0 0.0000100000000000
2571879 0 0.0000100000000000
2571955 0 0.0000100000000000
2572032 0 0.0000100000000000
2572110 0 0.0000100000000000
2572189 0 0.0000100000000000
2572269 0 0.0000100000000000
2572350 0 0.0000100000000000
2572432 0 0.0000100000000000
2572515 0 0.0000100000000000
2572599 0 0.0000100000000000
2572684 0 0.0000100000000000
2572770 0 0.0000100000000000
2572857 0 0.0000100000000000
2572945 0 0.0000100000000000
2573034 0 0.0000100000000000
2573124 0 0.0000100000000000
2573215 0 0.0000100000000000
2573307 0 0.0000100000000000
2573400 0 0.0000100000000000
2573494 0 0.0000100000000000
2573589 0 0.0000100000000000
2573685 0 0.0000100000000000
2573782 0 0.0000100000000000
2573880 0 0.0000100000000000
2573979 0 0.0000100000000000
2574079 0 0.0000100000000000
2574180 0 0.0000100000000000
2574282 0 0.0000100000000000
2574385 0 0.0000100000000000
2574489 0 0.0000100000000000
2574594 0 0.0000100000000000
2574700 0 0.0000100000000000
2574807 0 0.0000100000000000
2574915 0 0.0000100000000000
2575024 0 0.0000100000000000
2575134 0 0.0000100000000000
2575245 0 0.0000100000000000
2575357 0 0.0000100000000000
2575470 0 0.0000100000000000
2575584 0 0.0000100000000000
2575699 0 0.0000100000000000
2575815 0 0.0000100000000000
2575932 0 0.0000100000000000
2576050 0 0.0000100000000000
2576169 0 0.0000100000000000
2576289 0 0.0000100000000000
2576410 0 0.0000100000000000
2576532 0 0.0000100000000000
2576655 0 0.0000100000000000
2576779 0 0.0000100000000000
2576904 0 0.0000100000000000
2577030 0 0.0000100000000000
2577157 0 0.0000100000000000
2577285 0 0.0000100000000000
2577414 0 0.0000100000000000
2577544 0 0.0000100000000000
2577675 0 0.0000100000000000
2577807 0 0.0000100000000000
2577940 0 0.0000100000000000
2578074 0 0.0000100000000000
2578209 0 0.0000100000000000
2578345 0 0.0000100000000000
2578482 0 0.0000100000000000
2578620 0 0.0000100000000000
2578759 0 0.0000100000000000
2578899 0 0.0000100000000000
2579040 0 0.0000100000000000
2579182 0 0.0000100000000000
2579325 0 0.0000100000000000
2579469 0 0.0000100000000000
2579614 0 0.0000100000000000
2579760 0 0.0000100000000000
2579907 0 0.0000100000000000
2580055 0 0.0000100000000000
2580204 0 0.0000100000000000
2580354 0 0.0000100000000000
2580505 0 0.0000100000000000
2580657 0 0.0000100000000000
2580810 0 0.0000100000000000
2580964 0 0.0000100000000000
2581119 0 0.0000100000000000
2581275 0 0.0000100000000000
2581432 0 0.0000100000000000
2581590 0 0.0000100000000000
2581749 0 0.0000100000000000
2581909 0 0.0000100000000000
2582070 0 0.0000100000000000
2582232 0 0.0000100000000000
2582395 0 0.0000100000000000
2582559 0 0.0000100000000000
2582724 0 0.0000100000000000
2582890 0 0.0000100000000000
2583057 0 0.0000100000000000
2583225 0 0.0000100000000000
2583394 0 0.0000100000000000
2583564 0 0.0000100000000000
2583735 0 0.0000100000000000
2583907 0 0.0000100000000000
2584080 0 0.0000100000000000
2584254 0 0.0000100000000000
2584429 0 0.0000100000000000
2584605 0 0.0000100000000000
2584782 0 0.0000100000000000
2584960 0 0.0000100000000000
2585139 0 0.0000100000000000
2585319 0 0.0000100000000000
2585500 0 0.0000100000000000
2585682 0 0.0000100000000000
2585865 0 0.0000100000000000
2586049 0 0.0000100000000000
2586234 0 0.0000100000000000
2586420 0 0.0000100000000000
2586607 0 0.0000100000000000
2586795 0 0.0000100000000000
2586984 0 0.0000100000000000
2587174 0 0.0000100000000000
2587365 0 0.0000100000000000
2587557 0 0.0000100000000000
2587750 0 0.0000100000000000
2587944 0 0.0000100000000000
2588139 0 0.0000100000000000
2588335 0 0.0000100000000000
2588532 0 0.0000100000000000
2588730 0 0.0000100000000000
2588929 0 0.0000100000000000
2589129 0 0.0000100000000000
2589330 0 0.0000100000000000
2589532 0 0.0000100000000000
2589735 0 0.0000100000000000
2589939 0 0.0000100000000000
2590144 0 0.0000100000000000
2590350 0 0.0000100000000000
2590557 0 0.0000100000000000
2590765 0 0.0000100000000000
2590974 0 0.0000100000000000
2591184 0 0.0000100000000000
2591395 0 0.0000100000000000
2591607 0 0.0000100000000000
2591820 0 0.0000100000000000
2592034 0 0.0000100000000000
2592249 0 0.0000100000000000
2592465 0 0.0000100000000000
2592682 0 0.0000100000000000
2592900 0 0.0000100000000000
2593119 0 0.0000100000000000
2593339 0 0.0000100000000000
2593560 0 0.0000100000000000
2593782 0 0.0000100000000000
2594005 0 -6.9999900000000004
2594229 0 7.0000099999999996
2594454 0 -20.9999900000000004
2594680 0 21.0000099999999996
2594907 0 42.0000100000000032
2595135 0 -41.9999899999999968
2595364 0 -90.9999899999999968
2595594 0 91.0000100000000032
