0 0 0.0123456790123457
2 0 0.0200000000000000
3 0 0.0087297133479821
10 0 -0.0087297133479821
14 0 0.0061728395061728
20 0 0.0061728395061728
190 0 0.0043648566739910
378 0 0.0043648566739910
1650 0 0.0123456790123457
1652 0 0.0200000000000000
1653 0 0.0087297133479821
1659 0 0.0061728395061728
1660 0 -0.0087297133479821
1664 0 0.0061728395061728
1670 0 0.0061728395061728
1840 0 0.0043648566739910
3300 0 0.0123456790123457
3303 0 0.0087297133479821
3305 0 0.0061728395061728
3309 0 0.0061728395061728
3310 0 -0.0087297133479821
3314 0 0.0061728395061728
3320 0 0.0061728395061728
3355 0 0.0141421356237310
4950 0 0.0123456790123457
4952 0 0.0200000000000000
4953 0 0.0087297133479821
4955 0 0.0061728395061728
4959 0 0.0061728395061728
4960 0 -0.0087297133479821
4970 0 0.0061728395061728
5545 0 0.0043648566739910
6600 0 0.0123456790123457
6603 0 0.0087297133479821
6605 0 0.0061728395061728
6610 0 -0.0087297133479821
6655 0 0.0141421356237310
6978 0 0.0043648566739910
7195 0 0.0043648566739910
7420 0 0.0043648566739910
8250 0 0.0123456790123457
8252 0 0.0200000000000000
8253 0 0.0087297133479821
8259 0 0.0061728395061728
8260 0 -0.0087297133479821
8264 0 0.0061728395061728
8270 0 0.0061728395061728
8440 0 0.0043648566739910
9900 0 0.0123456790123457
9903 0 0.0087297133479821
9905 0 0.0061728395061728
9910 0 -0.0087297133479821
9914 0 0.0061728395061728
9920 0 0.0061728395061728
9955 0 0.0141421356237310
10278 0 0.0043648566739910
11550 0 0.0123456790123457
11552 0 0.0200000000000000
11553 0 0.0087297133479821
11555 0 0.0061728395061728
11560 0 -0.0087297133479821
11564 0 0.0061728395061728
11570 0 0.0061728395061728
11928 0 0.0043648566739910
13200 0 0.0123456790123457
13202 0 0.0200000000000000
13203 0 0.0087297133479821
13205 0 0.0061728395061728
13209 0 0.0061728395061728
13210 0 -0.0087297133479821
13214 0 0.0061728395061728
13220 0 0.0061728395061728
14850 0 0.0123456790123457
14853 0 0.0087297133479821
14859 0 0.0061728395061728
14860 0 -0.0087297133479821
14864 0 0.0061728395061728
14870 0 0.0061728395061728
14905 0 0.0141421356237310
15040 0 0.0043648566739910
16500 0 0.0123456790123457
16502 0 0.0200000000000000
16503 0 0.0087297133479821
16505 0 0.0061728395061728
16509 0 0.0061728395061728
16510 0 -0.0087297133479821
16514 0 0.0061728395061728
16520 0 0.0061728395061728
18150 0 0.0123456790123457
18152 0 0.0200000000000000
18153 0 0.0087297133479821
18155 0 0.0061728395061728
18159 0 0.0061728395061728
18160 0 -0.0087297133479821
18164 0 0.0061728395061728
18970 0 0.0043648566739910
19800 0 0.0123456790123457
19802 0 0.0200000000000000
19803 0 0.0087297133479821
19805 0 0.0061728395061728
19809 0 0.0061728395061728
19810 0 -0.0087297133479821
20395 0 0.0043648566739910
20620 0 0.0043648566739910
21450 0 0.0123456790123457
21453 0 0.0087297133479821
21455 0 0.0061728395061728
21460 0 -0.0087297133479821
21464 0 0.0061728395061728
21470 0 0.0061728395061728
21505 0 0.0141421356237310
21828 0 0.0043648566739910
23100 0 0.0123456790123457
23102 0 0.0200000000000000
23103 0 0.0087297133479821
23105 0 0.0061728395061728
23110 0 -0.0087297133479821
23478 0 0.0043648566739910
23695 0 0.0043648566739910
23920 0 0.0043648566739910
24750 0 0.0123456790123457
24753 0 0.0087297133479821
24755 0 0.0061728395061728
24760 0 -0.0087297133479821
24764 0 0.0061728395061728
24805 0 0.0141421356237310
25128 0 0.0043648566739910
25570 0 0.0043648566739910
26400 0 0.0123456790123457
26403 0 0.0087297133479821
26405 0 0.0061728395061728
26409 0 0.0061728395061728
26410 0 -0.0087297133479821
26414 0 0.0061728395061728
26420 0 0.0061728395061728
26455 0 0.0141421356237310
28050 0 0.0123456790123457
28052 0 0.0200000000000000
28053 0 0.0087297133479821
28060 0 -0.0087297133479821
28064 0 0.0061728395061728
28070 0 0.0061728395061728
28240 0 0.0043648566739910
28428 0 0.0043648566739910
29700 0 0.0123456790123457
29702 0 0.0200000000000000
29703 0 0.0087297133479821
29705 0 0.0061728395061728
29710 0 -0.0087297133479821
29714 0 0.0061728395061728
29720 0 0.0061728395061728
30078 0 0.0043648566739910
31350 0 0.0123456790123457
31353 0 0.0087297133479821
31355 0 0.0061728395061728
31359 0 0.0061728395061728
31360 0 -0.0087297133479821
31364 0 0.0061728395061728
31405 0 0.0141421356237310
32170 0 0.0043648566739910
33000 0 0.0123456790123457
33002 0 0.0200000000000000
33003 0 0.0087297133479821
33005 0 0.0061728395061728
33009 0 0.0061728395061728
33010 0 -0.0087297133479821
33014 0 0.0061728395061728
33020 0 0.0061728395061728
34650 0 0.0123456790123457
34652 0 0.0200000000000000
34653 0 0.0087297133479821
34660 0 -0.0087297133479821
34664 0 0.0061728395061728
34670 0 0.0061728395061728
34840 0 0.0043648566739910
35028 0 0.0043648566739910
36300 0 0.0123456790123457
36302 0 0.0200000000000000
36303 0 0.0087297133479821
36305 0 0.0061728395061728
36310 0 -0.0087297133479821
36314 0 0.0061728395061728
36678 0 0.0043648566739910
37120 0 0.0043648566739910
37950 0 0.0123456790123457
37953 0 0.0087297133479821
37955 0 0.0061728395061728
37959 0 0.0061728395061728
37960 0 -0.0087297133479821
37964 0 0.0061728395061728
37970 0 0.0061728395061728
38005 0 0.0141421356237310
39600 0 0.0123456790123457
39602 0 0.0200000000000000
39603 0 0.0087297133479821
39605 0 0.0061728395061728
39609 0 0.0061728395061728
39610 0 -0.0087297133479821
39614 0 0.0061728395061728
40420 0 0.0043648566739910
41250 0 0.0123456790123457
41253 0 0.0087297133479821
41255 0 0.0061728395061728
41259 0 0.0061728395061728
41260 0 -0.0087297133479821
41305 0 0.0141421356237310
41845 0 0.0043648566739910
42070 0 0.0043648566739910
42900 0 0.0123456790123457
42903 0 0.0087297133479821
42905 0 0.0061728395061728
42909 0 0.0061728395061728
42910 0 -0.0087297133479821
42920 0 0.0061728395061728
42955 0 0.0141421356237310
43495 0 0.0043648566739910
44550 0 0.0123456790123457
44553 0 0.0087297133479821
44555 0 0.0061728395061728
44559 0 0.0061728395061728
44560 0 -0.0087297133479821
44564 0 0.0061728395061728
44605 0 0.0141421356237310
45370 0 0.0043648566739910
46200 0 0.0123456790123457
46202 0 0.0200000000000000
46203 0 0.0087297133479821
46209 0 0.0061728395061728
46210 0 -0.0087297133479821
46214 0 0.0061728395061728
46220 0 0.0061728395061728
46390 0 0.0043648566739910
47850 0 0.0123456790123457
47852 0 0.0200000000000000
47853 0 0.0087297133479821
47855 0 0.0061728395061728
47860 0 -0.0087297133479821
47864 0 0.0061728395061728
47870 0 0.0061728395061728
48228 0 0.0043648566739910
49500 0 0.0123456790123457
49502 0 0.0200000000000000
49503 0 0.0087297133479821
49505 0 0.0061728395061728
49509 0 0.0061728395061728
49510 0 -0.0087297133479821
50095 0 0.0043648566739910
50320 0 0.0043648566739910
51150 0 0.0123456790123457
51152 0 0.0200000000000000
51153 0 0.0087297133479821
51159 0 0.0061728395061728
51160 0 -0.0087297133479821
51340 0 0.0043648566739910
51745 0 0.0043648566739910
51970 0 0.0043648566739910
52800 0 0.0123456790123457
52803 0 0.0087297133479821
52805 0 0.0061728395061728
52809 0 0.0061728395061728
52810 0 -0.0087297133479821
52820 0 0.0061728395061728
52855 0 0.0141421356237310
53395 0 0.0043648566739910
54450 0 0.0123456790123457
54452 0 0.0200000000000000
54453 0 0.0087297133479821
54455 0 0.0061728395061728
54460 0 -0.0087297133479821
54464 0 0.0061728395061728
54828 0 0.0043648566739910
55270 0 0.0043648566739910
56100 0 0.0123456790123457
56102 0 0.0200000000000000
56103 0 0.0087297133479821
56109 0 0.0061728395061728
56110 0 -0.0087297133479821
56114 0 0.0061728395061728
56120 0 0.0061728395061728
56290 0 0.0043648566739910
57750 0 0.0123456790123457
57752 0 0.0200000000000000
57753 0 0.0087297133479821
57760 0 -0.0087297133479821
57764 0 0.0061728395061728
57940 0 0.0043648566739910
58128 0 0.0043648566739910
58570 0 0.0043648566739910
59400 0 0.0123456790123457
59402 0 0.0200000000000000
59403 0 0.0087297133479821
59405 0 0.0061728395061728
59409 0 0.0061728395061728
59410 0 -0.0087297133479821
59420 0 0.0061728395061728
59995 0 0.0043648566739910
61050 0 0.0123456790123457
61052 0 0.0200000000000000
61053 0 0.0087297133479821
61055 0 0.0061728395061728
61059 0 0.0061728395061728
61060 0 -0.0087297133479821
61064 0 0.0061728395061728
61870 0 0.0043648566739910
62700 0 0.0123456790123457
62703 0 0.0087297133479821
62705 0 0.0061728395061728
62710 0 -0.0087297133479821
62714 0 0.0061728395061728
62755 0 0.0141421356237310
63078 0 0.0043648566739910
63520 0 0.0043648566739910
64350 0 0.0123456790123457
64352 0 0.0200000000000000
64353 0 0.0087297133479821
64355 0 0.0061728395061728
64360 0 -0.0087297133479821
64728 0 0.0043648566739910
64945 0 0.0043648566739910
65170 0 0.0043648566739910
66000 0 0.0123456790123457
66003 0 0.0087297133479821
66009 0 0.0061728395061728
66010 0 -0.0087297133479821
66014 0 0.0061728395061728
66020 0 0.0061728395061728
66055 0 0.0141421356237310
66190 0 0.0043648566739910
67650 0 0.0123456790123457
67652 0 0.0200000000000000
67653 0 0.0087297133479821
67659 0 0.0061728395061728
67660 0 -0.0087297133479821
67664 0 0.0061728395061728
67670 0 0.0061728395061728
67840 0 0.0043648566739910
69300 0 0.0123456790123457
69302 0 0.0200000000000000
69303 0 0.0087297133479821
69305 0 0.0061728395061728
69309 0 0.0061728395061728
69310 0 -0.0087297133479821
69895 0 0.0043648566739910
70120 0 0.0043648566739910
70950 0 0.0123456790123457
70953 0 0.0087297133479821
70955 0 0.0061728395061728
70959 0 0.0061728395061728
70960 0 -0.0087297133479821
70964 0 0.0061728395061728
70970 0 0.0061728395061728
71005 0 0.0141421356237310
72600 0 0.0123456790123457
72603 0 0.0087297133479821
72610 0 -0.0087297133479821
72614 0 0.0061728395061728
72620 0 0.0061728395061728
72655 0 0.0141421356237310
72790 0 0.0043648566739910
72978 0 0.0043648566739910
74250 0 0.0123456790123457
74252 0 0.0200000000000000
74253 0 0.0087297133479821
74255 0 0.0061728395061728
74259 0 0.0061728395061728
74260 0 -0.0087297133479821
74845 0 0.0043648566739910
75070 0 0.0043648566739910
75900 0 0.0123456790123457
75902 0 0.0200000000000000
75903 0 0.0087297133479821
75910 0 -0.0087297133479821
76090 0 0.0043648566739910
76278 0 0.0043648566739910
76495 0 0.0043648566739910
76720 0 0.0043648566739910
77550 0 0.0123456790123457
77552 0 0.0200000000000000
77553 0 0.0087297133479821
77555 0 0.0061728395061728
77559 0 0.0061728395061728
77560 0 -0.0087297133479821
77570 0 0.0061728395061728
78145 0 0.0043648566739910
79200 0 0.0123456790123457
79202 0 0.0200000000000000
79203 0 0.0087297133479821
79209 0 0.0061728395061728
79210 0 -0.0087297133479821
79214 0 0.0061728395061728
79220 0 0.0061728395061728
79390 0 0.0043648566739910
80850 0 0.0123456790123457
80852 0 0.0200000000000000
80853 0 0.0087297133479821
80855 0 0.0061728395061728
80859 0 0.0061728395061728
80860 0 -0.0087297133479821
80864 0 0.0061728395061728
80870 0 0.0061728395061728
82500 0 0.0123456790123457
82502 0 0.0200000000000000
82503 0 0.0087297133479821
82505 0 0.0061728395061728
82509 0 0.0061728395061728
82510 0 -0.0087297133479821
83095 0 0.0043648566739910
83320 0 0.0043648566739910
84150 0 0.0123456790123457
84153 0 0.0087297133479821
84155 0 0.0061728395061728
84159 0 0.0061728395061728
84160 0 -0.0087297133479821
84164 0 0.0061728395061728
84170 0 0.0061728395061728
84205 0 0.0141421356237310
85800 0 0.0123456790123457
85802 0 0.0200000000000000
85803 0 0.0087297133479821
85805 0 0.0061728395061728
85810 0 -0.0087297133479821
85814 0 0.0061728395061728
86178 0 0.0043648566739910
86620 0 0.0043648566739910
87450 0 0.0123456790123457
87452 0 0.0200000000000000
87453 0 0.0087297133479821
87455 0 0.0061728395061728
87459 0 0.0061728395061728
87460 0 -0.0087297133479821
87464 0 0.0061728395061728
88270 0 0.0043648566739910
89100 0 0.0123456790123457
89103 0 0.0087297133479821
89105 0 0.0061728395061728
89110 0 -0.0087297133479821
89114 0 0.0061728395061728
89120 0 0.0061728395061728
89155 0 0.0141421356237310
89478 0 0.0043648566739910
90750 0 0.0123456790123457
90752 0 0.0200000000000000
90753 0 0.0087297133479821
90755 0 0.0061728395061728
90760 0 -0.0087297133479821
91128 0 0.0043648566739910
91345 0 0.0043648566739910
91570 0 0.0043648566739910
92400 0 0.0123456790123457
92403 0 0.0087297133479821
92409 0 0.0061728395061728
92410 0 -0.0087297133479821
92414 0 0.0061728395061728
92420 0 0.0061728395061728
92455 0 0.0141421356237310
92590 0 0.0043648566739910
94050 0 0.0123456790123457
94053 0 0.0087297133479821
94055 0 0.0061728395061728
94060 0 -0.0087297133479821
94064 0 0.0061728395061728
94105 0 0.0141421356237310
94428 0 0.0043648566739910
94870 0 0.0043648566739910
95700 0 0.0123456790123457
95702 0 0.0200000000000000
95703 0 0.0087297133479821
95705 0 0.0061728395061728
95709 0 0.0061728395061728
95710 0 -0.0087297133479821
95714 0 0.0061728395061728
95720 0 0.0061728395061728
97350 0 0.0123456790123457
97353 0 0.0087297133479821
97355 0 0.0061728395061728
97359 0 0.0061728395061728
97360 0 -0.0087297133479821
97370 0 0.0061728395061728
97405 0 0.0141421356237310
97945 0 0.0043648566739910
99000 0 0.0123456790123457
99003 0 0.0087297133479821
99005 0 0.0061728395061728
99009 0 0.0061728395061728
99010 0 -0.0087297133479821
99020 0 0.0061728395061728
99055 0 0.0141421356237310
99595 0 0.0043648566739910
100650 0 0.0123456790123457
100652 0 0.0200000000000000
100653 0 0.0087297133479821
100660 0 -0.0087297133479821
100664 0 0.0061728395061728
100840 0 0.0043648566739910
101028 0 0.0043648566739910
101470 0 0.0043648566739910
102300 0 0.0123456790123457
102302 0 0.0200000000000000
102303 0 0.0087297133479821
102309 0 0.0061728395061728
102310 0 -0.0087297133479821
102314 0 0.0061728395061728
102320 0 0.0061728395061728
102490 0 0.0043648566739910
103950 0 0.0123456790123457
103953 0 0.0087297133479821
103955 0 0.0061728395061728
103959 0 0.0061728395061728
103960 0 -0.0087297133479821
103964 0 0.0061728395061728
104005 0 0.0141421356237310
104770 0 0.0043648566739910
105600 0 0.0123456790123457
105603 0 0.0087297133479821
105605 0 0.0061728395061728
105609 0 0.0061728395061728
105610 0 -0.0087297133479821
105620 0 0.0061728395061728
105655 0 0.0141421356237310
106195 0 0.0043648566739910
107250 0 0.0123456790123457
107253 0 0.0087297133479821
107255 0 0.0061728395061728
107259 0 0.0061728395061728
107260 0 -0.0087297133479821
107270 0 0.0061728395061728
107305 0 0.0141421356237310
107845 0 0.0043648566739910
108900 0 0.0123456790123457
108902 0 0.0200000000000000
108903 0 0.0087297133479821
108910 0 -0.0087297133479821
108914 0 0.0061728395061728
108920 0 0.0061728395061728
109090 0 0.0043648566739910
109278 0 0.0043648566739910
110550 0 0.0123456790123457
110553 0 0.0087297133479821
110555 0 0.0061728395061728
110560 0 -0.0087297133479821
110564 0 0.0061728395061728
110605 0 0.0141421356237310
110928 0 0.0043648566739910
111370 0 0.0043648566739910
112200 0 0.0123456790123457
112202 0 0.0200000000000000
112203 0 0.0087297133479821
112210 0 -0.0087297133479821
112214 0 0.0061728395061728
112390 0 0.0043648566739910
112578 0 0.0043648566739910
113020 0 0.0043648566739910
113850 0 0.0123456790123457
113852 0 0.0200000000000000
113853 0 0.0087297133479821
113855 0 0.0061728395061728
113860 0 -0.0087297133479821
113870 0 0.0061728395061728
114228 0 0.0043648566739910
114445 0 0.0043648566739910
115500 0 0.0123456790123457
115502 0 0.0200000000000000
115503 0 0.0087297133479821
115505 0 0.0061728395061728
115509 0 0.0061728395061728
115510 0 -0.0087297133479821
115514 0 0.0061728395061728
116320 0 0.0043648566739910
117150 0 0.0123456790123457
117153 0 0.0087297133479821
117155 0 0.0061728395061728
117159 0 0.0061728395061728
117160 0 -0.0087297133479821
117164 0 0.0061728395061728
117170 0 0.0061728395061728
117205 0 0.0141421356237310
118800 0 0.0123456790123457
118802 0 0.0200000000000000
118803 0 0.0087297133479821
118805 0 0.0061728395061728
118810 0 -0.0087297133479821
118820 0 0.0061728395061728
119178 0 0.0043648566739910
119395 0 0.0043648566739910
120450 0 0.0123456790123457
120453 0 0.0087297133479821
120455 0 0.0061728395061728
120459 0 0.0061728395061728
120460 0 -0.0087297133479821
120464 0 0.0061728395061728
120470 0 0.0061728395061728
120505 0 0.0141421356237310
122100 0 0.0123456790123457
122102 0 0.0200000000000000
122103 0 0.0087297133479821
122110 0 -0.0087297133479821
122114 0 0.0061728395061728
122290 0 0.0043648566739910
122478 0 0.0043648566739910
122920 0 0.0043648566739910
123750 0 0.0123456790123457
123752 0 0.0200000000000000
123753 0 0.0087297133479821
123755 0 0.0061728395061728
123759 0 0.0061728395061728
123760 0 -0.0087297133479821
123764 0 0.0061728395061728
123770 0 0.0061728395061728
125400 0 0.0123456790123457
125403 0 0.0087297133479821
125405 0 0.0061728395061728
125409 0 0.0061728395061728
125410 0 -0.0087297133479821
125414 0 0.0061728395061728
125420 0 0.0061728395061728
125455 0 0.0141421356237310
127050 0 0.0123456790123457
127052 0 0.0200000000000000
127053 0 0.0087297133479821
127059 0 0.0061728395061728
127060 0 -0.0087297133479821
127064 0 0.0061728395061728
127070 0 0.0061728395061728
127240 0 0.0043648566739910
128700 0 0.0123456790123457
128702 0 0.0200000000000000
128703 0 0.0087297133479821
128705 0 0.0061728395061728
128709 0 0.0061728395061728
128710 0 -0.0087297133479821
128714 0 0.0061728395061728
128720 0 0.0061728395061728
130350 0 0.0246913580246914
130353 0 0.0087297133479821
130360 0 -0.0087297133479821
130364 0 0.0061728395061728
130370 0 0.0061728395061728
130371 0 0.0087297133479821
130385 0 0.0061728395061728
130386 0 -0.0087297133479821
130394 0 0.0061728395061728
130405 0 0.0141421356237310
130540 0 0.0043648566739910
130728 0 0.0043648566739910
131385 0 0.0043648566739910
131835 0 0.0043648566739910
