0 0 0.9500000000000000
1 0 0.0070710678118655
3 0 0.0070710678118655
6 0 0.0176776695296637
10 0 0.0176776695296637
394 0 0.0141421356237310
396 0 0.0141421356237310
399 0 0.0176776695296637
403 0 0.0176776695296637
787 0 0.0141421356237310
789 0 0.0141421356237310
792 0 0.0176776695296637
796 0 0.0176776695296637
1180 0 0.0141421356237310
1182 0 0.0141421356237310
1185 0 0.0176776695296637
1189 0 0.0176776695296637
1573 0 0.0141421356237310
1575 0 0.0141421356237310
1578 0 0.0176776695296637
1582 0 0.0176776695296637
1966 0 0.0141421356237310
1968 0 0.0141421356237310
1971 0 0.0176776695296637
1975 0 0.0176776695296637
2359 0 0.0141421356237310
2361 0 0.0141421356237310
2364 0 0.0176776695296637
2368 0 0.0176776695296637
2752 0 0.0141421356237310
2754 0 0.0141421356237310
2757 0 0.0176776695296637
2761 0 0.0176776695296637
3145 0 0.0141421356237310
3147 0 0.0141421356237310
3150 0 0.0176776695296637
3154 0 0.0176776695296637
3538 0 0.0070710678118655
3540 0 0.0070710678118655
3543 0 0.0176776695296637
3547 0 0.0176776695296637
3931 0 0.0353553390593274
3933 0 0.0353553390593274
3936 0 0.0353553390593274
3940 0 0.0353553390593274
3986 0 -0.0707106781186548
4046 0 0.0353553390593274
4050 0 0.0353553390593274
4182 0 0.0353553390593274
4184 0 0.0353553390593274
4187 0 0.0353553390593274
4191 0 0.0353553390593274
4237 0 -0.0707106781186548
4323 0 0.0353553390593274
4325 0 0.0353553390593274
4328 0 0.0353553390593274
4332 0 0.0353553390593274
4378 0 -0.0707106781186548
4464 0 0.0353553390593274
4466 0 0.0353553390593274
4469 0 0.0353553390593274
4473 0 0.0353553390593274
4519 0 -0.0707106781186548
4605 0 0.0353553390593274
4607 0 0.0353553390593274
4610 0 0.0353553390593274
4614 0 0.0353553390593274
4660 0 -0.0707106781186548
4746 0 0.0353553390593274
4748 0 0.0353553390593274
4751 0 0.0353553390593274
4755 0 0.0353553390593274
4801 0 -0.0707106781186548
4887 0 0.0353553390593274
4889 0 0.0353553390593274
4892 0 0.0353553390593274
4896 0 0.0353553390593274
4942 0 -0.0707106781186548
5028 0 0.0353553390593274
5030 0 0.0353553390593274
5033 0 0.0353553390593274
5037 0 0.0353553390593274
5083 0 -0.0707106781186548
5686 0 0.0353553390593274
5693 0 0.0353553390593274
5757 0 -0.0707106781186548
8694 0 -0.0141421356237310
8790 0 -0.0141421356237310
8866 0 -0.0141421356237310
8941 0 -0.0141421356237310
9016 0 -0.0141421356237310
9091 0 -0.0141421356237310
9166 0 -0.0141421356237310
9241 0 -0.0141421356237310
9316 0 -0.0141421356237310
9412 0 -0.0141421356237310
9486 0 -0.0141421356237310
9561 0 -0.0141421356237310
9636 0 -0.0141421356237310
9711 0 -0.0141421356237310
9786 0 -0.0141421356237310
9861 0 -0.0141421356237310
9909 0 0.3535533905932738
9977 0 0.3535533905932738
9984 0 0.3535533905932738
10038 0 -0.7071067811865476
10161 0 -0.0141421356237310
10222 0 -0.0141421356237310
11023 0 0.3535533905932738
