0 0 1.0000000000000000
300 0 0.0181309431073474
465 0 0.0181309431073474
1335 0 0.0181309431073474
1500 0 0.0181309431073474
2370 0 0.0181309431073474
2535 0 0.0181309431073474
3405 0 0.0181309431073474
3570 0 0.0181309431073474
4440 0 0.0181309431073474
4605 0 0.0181309431073474
5475 0 0.0181309431073474
5640 0 0.0181309431073474
6510 0 0.0181309431073474
6675 0 0.0181309431073474
7545 0 0.0181309431073474
7710 0 0.0181309431073474
8580 0 0.0181309431073474
8745 0 0.0181309431073474
9615 0 0.0181309431073474
9780 0 0.0181309431073474
10650 0 0.0181309431073474
10815 0 0.0181309431073474
11685 0 0.0181309431073474
11850 0 0.0181309431073474
12720 0 0.0181309431073474
12885 0 0.0181309431073474
13755 0 0.0181309431073474
13920 0 0.0181309431073474
14790 0 0.0181309431073474
14955 0 0.0181309431073474
15825 0 0.0181309431073474
15990 0 0.0181309431073474
16860 0 0.0181309431073474
17025 0 0.0181309431073474
17895 0 0.0181309431073474
18060 0 0.0181309431073474
18930 0 0.0181309431073474
19095 0 0.0181309431073474
19965 0 0.0181309431073474
20130 0 0.0181309431073474
21000 0 0.0181309431073474
21165 0 0.0181309431073474
22035 0 0.0181309431073474
22200 0 0.0181309431073474
23070 0 0.0181309431073474
23235 0 0.0181309431073474
24105 0 0.0181309431073474
24270 0 0.0181309431073474
25140 0 0.0181309431073474
25305 0 0.0181309431073474
26175 0 0.0181309431073474
26340 0 0.0181309431073474
27210 0 0.0181309431073474
27375 0 0.0181309431073474
28245 0 0.0181309431073474
28410 0 0.0181309431073474
29280 0 0.0181309431073474
29445 0 0.0181309431073474
30315 0 0.0181309431073474
30480 0 0.0181309431073474
31051 0 -0.0362618862146947
31086 0 0.0181309431073474
31170 0 0.0181309431073474
31281 0 0.0181309431073474
31401 0 0.0181309431073474
31717 0 -0.0362618862146947
31752 0 0.0181309431073474
31836 0 0.0181309431073474
31947 0 0.0181309431073474
32067 0 0.0181309431073474
32383 0 -0.0362618862146947
32418 0 0.0181309431073474
32502 0 0.0181309431073474
32613 0 0.0181309431073474
32733 0 0.0181309431073474
33049 0 -0.0362618862146947
33084 0 0.0181309431073474
33168 0 0.0181309431073474
33279 0 0.0181309431073474
33399 0 0.0181309431073474
33715 0 -0.0362618862146947
33750 0 0.0181309431073474
33834 0 0.0181309431073474
33945 0 0.0181309431073474
34065 0 0.0181309431073474
34381 0 -0.0362618862146947
34416 0 0.0181309431073474
34500 0 0.0181309431073474
34611 0 0.0181309431073474
34731 0 0.0181309431073474
35047 0 -0.0362618862146947
35082 0 0.0181309431073474
35166 0 0.0181309431073474
35277 0 0.0181309431073474
35397 0 0.0181309431073474
35713 0 -0.0362618862146947
35748 0 0.0181309431073474
35832 0 0.0181309431073474
35943 0 0.0181309431073474
36063 0 0.0181309431073474
36379 0 -0.0362618862146947
36414 0 0.0181309431073474
36498 0 0.0181309431073474
36609 0 0.0181309431073474
36729 0 0.0181309431073474
37045 0 -0.0362618862146947
37080 0 0.0181309431073474
37164 0 0.0181309431073474
37275 0 0.0181309431073474
37395 0 0.0181309431073474
37711 0 -0.0362618862146947
37746 0 0.0181309431073474
37830 0 0.0181309431073474
37941 0 0.0181309431073474
38061 0 0.0181309431073474
38377 0 -0.0362618862146947
38412 0 0.0181309431073474
38496 0 0.0181309431073474
38607 0 0.0181309431073474
38727 0 0.0181309431073474
39043 0 -0.0362618862146947
39078 0 0.0181309431073474
39162 0 0.0181309431073474
39273 0 0.0181309431073474
39393 0 0.0181309431073474
39709 0 -0.0362618862146947
39744 0 0.0181309431073474
39828 0 0.0181309431073474
39939 0 0.0181309431073474
40059 0 0.0181309431073474
40375 0 -0.0362618862146947
40410 0 0.0181309431073474
40494 0 0.0181309431073474
40605 0 0.0181309431073474
40725 0 0.0181309431073474
41041 0 -0.0362618862146947
41076 0 0.0181309431073474
41160 0 0.0181309431073474
41271 0 0.0181309431073474
41391 0 0.0181309431073474
41707 0 -0.0362618862146947
41742 0 0.0181309431073474
41826 0 0.0181309431073474
41937 0 0.0181309431073474
42057 0 0.0181309431073474
43039 0 -0.0362618862146947
43074 0 0.0181309431073474
43158 0 0.0181309431073474
43269 0 0.0181309431073474
43389 0 0.0181309431073474
44371 0 -0.0362618862146947
44406 0 0.0181309431073474
44490 0 0.0181309431073474
44601 0 0.0181309431073474
44721 0 0.0181309431073474
50365 0 -0.0362618862146947
50400 0 0.0181309431073474
50484 0 0.0181309431073474
50595 0 0.0181309431073474
50715 0 0.0181309431073474
51031 0 -0.0362618862146947
51066 0 0.0181309431073474
51150 0 0.0181309431073474
51495 0 0.0181309431073474
51697 0 -0.0362618862146947
51732 0 0.0181309431073474
51816 0 0.0181309431073474
51927 0 0.0181309431073474
52161 0 0.0181309431073474
52363 0 -0.0362618862146947
52398 0 0.0181309431073474
52482 0 0.0181309431073474
52593 0 0.0181309431073474
52827 0 0.0181309431073474
53029 0 -0.0362618862146947
53064 0 0.0181309431073474
53148 0 0.0181309431073474
53259 0 0.0181309431073474
53493 0 0.0181309431073474
53695 0 -0.0362618862146947
53730 0 0.0181309431073474
53814 0 0.0181309431073474
53925 0 0.0181309431073474
54159 0 0.0181309431073474
54361 0 -0.0362618862146947
54396 0 0.0181309431073474
54480 0 0.0181309431073474
54591 0 0.0181309431073474
54825 0 0.0181309431073474
55027 0 -0.0362618862146947
55062 0 0.0181309431073474
55146 0 0.0181309431073474
55257 0 0.0181309431073474
55491 0 0.0181309431073474
55693 0 -0.0362618862146947
55728 0 0.0181309431073474
55812 0 0.0181309431073474
55923 0 0.0181309431073474
56043 0 0.0181309431073474
59919 0 0.0181309431073474
63021 0 -0.0362618862146947
63138 0 0.0181309431073474
63369 0 0.0181309431073474
63915 0 0.0181309431073474
64035 0 0.0181309431073474
110881 0 0.1813094310734737
112911 0 0.1813094310734737
115503 0 -0.3626188621469474
115591 0 0.1813094310734737
115753 0 0.1813094310734737
